"nat"	"t"	"K"	"cK"	"Gclu"	"Aclu"	"cC"	"D"	"L"	"E"	"cL"	"ent"	"AS"	"ASG"
0	0	2.93413173652695	2.93413173652695	1	1	0.0176754923887165	1	1	245	4.75468112174647	2.70524827260512	1	0.977058851069807
0.26	0.01	2.93413173652695	2.93413173652695	1	1	0.0176754923887165	1	1	245	4.75468112174647	2.70524827260512	1	0.977058851069807
0.52	0.02	2.93413173652695	2.93413173652695	1	1	0.0176754923887165	1	1	245	4.75468112174647	2.70524827260512	1	0.977058851069807
0.78	0.03	2.93413173652695	2.93413173652695	1	1	0.0176754923887165	1	1	245	4.75468112174647	2.70524827260512	1	0.977058851069807
1.04	0.04	6.64670658682635	6.64670658682635	0.87059007180768	0.899675346583242	0.0400404011254599	3	1.25385694249649	555	2.70204095215208	3.85077690791927	0.783645277028988	0.968697454553145
1.3	0.05	6.64670658682635	6.64670658682635	0.87059007180768	0.899675346583242	0.0400404011254599	3	1.25385694249649	555	2.70204095215208	3.85077690791927	0.783645277028988	0.968697454553145
1.56	0.06	6.64670658682635	6.64670658682635	0.87059007180768	0.899675346583242	0.0400404011254599	3	1.25385694249649	555	2.70204095215208	3.85077690791927	0.783645277028988	0.968697454553145
1.82	0.07	6.64670658682635	6.64670658682635	0.87059007180768	0.899675346583242	0.0400404011254599	3	1.25385694249649	555	2.70204095215208	3.85077690791927	0.783645277028988	0.968697454553145
2.08	0.08	8.94610778443114	8.94610778443114	0.944781208562228	0.921916162842496	0.0538922155688623	4	1.27125941872982	747	2.33568386173302	3.98251483268122	0.943283361353201	0.900206865003381
2.34	0.09	8.94610778443114	8.94610778443114	0.944781208562228	0.921916162842496	0.0538922155688623	4	1.27125941872982	747	2.33568386173302	3.98251483268122	0.943283361353201	0.900206865003381
2.6	0.1	8.94610778443114	8.94610778443114	0.944781208562228	0.921916162842496	0.0538922155688623	4	1.27125941872982	747	2.33568386173302	3.98251483268122	0.943283361353201	0.900206865003381
2.86	0.11	8.94610778443114	8.94610778443114	0.944781208562228	0.921916162842496	0.0538922155688623	4	1.27125941872982	747	2.33568386173302	3.98251483268122	0.943283361353201	0.900206865003381
3.12	0.12	10.7065868263473	10.7065868263473	0.945897607869439	0.928635557031082	0.0644975110020922	4	1.3495145631068	894	2.15870851157229	3.9495931040178	0.907344383140885	0.835023221004501
3.38	0.13	10.7065868263473	10.7065868263473	0.945897607869439	0.928635557031082	0.0644975110020922	4	1.3495145631068	894	2.15870851157229	3.9495931040178	0.907344383140885	0.835023221004501
3.64	0.14	10.7065868263473	10.7065868263473	0.945897607869439	0.928635557031082	0.0644975110020922	4	1.3495145631068	894	2.15870851157229	3.9495931040178	0.907344383140885	0.835023221004501
3.9	0.15	10.7065868263473	10.7065868263473	0.945897607869439	0.928635557031082	0.0644975110020922	4	1.3495145631068	894	2.15870851157229	3.9495931040178	0.907344383140885	0.835023221004501
4.16	0.16	13.2814371257485	13.2814371257485	0.90524379024839	0.911491704396479	0.0800086573840271	8	2.32112068965517	1109	1.97883483239375	4.34980156400908	0.779393904349961	0.831991900060345
4.42	0.17	13.2814371257485	13.2814371257485	0.90524379024839	0.911491704396479	0.0800086573840271	8	2.32112068965517	1109	1.97883483239375	4.34980156400908	0.779393904349961	0.831991900060345
4.68	0.18	13.2814371257485	13.2814371257485	0.90524379024839	0.911491704396479	0.0800086573840271	8	2.32112068965517	1109	1.97883483239375	4.34980156400908	0.779393904349961	0.831991900060345
4.94	0.19	13.2814371257485	13.2814371257485	0.90524379024839	0.911491704396479	0.0800086573840271	8	2.32112068965517	1109	1.97883483239375	4.34980156400908	0.779393904349961	0.831991900060345
5.2	0.2	15.5209580838323	15.5209580838323	0.917175572519084	0.923899450891887	0.0934997474929659	6	1.99256505576208	1296	1.86638835699198	4.2742126768251	0.802607634148507	0.80743597760106
5.46	0.21	15.5209580838323	15.5209580838323	0.917175572519084	0.923899450891887	0.0934997474929659	6	1.99256505576208	1296	1.86638835699198	4.2742126768251	0.802607634148507	0.80743597760106
5.72	0.22	15.5209580838323	15.5209580838323	0.917175572519084	0.923899450891887	0.0934997474929659	6	1.99256505576208	1296	1.86638835699198	4.2742126768251	0.802607634148507	0.80743597760106
5.98	0.23	15.5209580838323	15.5209580838323	0.917175572519084	0.923899450891887	0.0934997474929659	6	1.99256505576208	1296	1.86638835699198	4.2742126768251	0.802607634148507	0.80743597760106
6.24	0.24	17.940119760479	17.940119760479	0.893217299267927	0.908810826779511	0.108073010605295	5	2.36511677737304	1498	1.77274808858631	4.25770466630498	0.723540252409837	0.749313807657646
6.5	0.25	17.940119760479	17.940119760479	0.893217299267927	0.908810826779511	0.108073010605295	5	2.36511677737304	1498	1.77274808858631	4.25770466630498	0.723540252409837	0.749313807657646
6.76	0.26	17.940119760479	17.940119760479	0.893217299267927	0.908810826779511	0.108073010605295	5	2.36511677737304	1498	1.77274808858631	4.25770466630498	0.723540252409837	0.749313807657646
7.02	0.27	22.3473053892216	22.3473053892216	0.80616237984879	0.880562402596281	0.134622321621817	6	2.61485699495276	1866	1.64740217613377	4.55961178198702	0.451001763744056	0.603000390326658
7.28	0.28	22.3473053892216	22.3473053892216	0.80616237984879	0.880562402596281	0.134622321621817	6	2.61485699495276	1866	1.64740217613377	4.55961178198702	0.451001763744056	0.603000390326658
7.54	0.29	22.3473053892216	22.3473053892216	0.80616237984879	0.880562402596281	0.134622321621817	6	2.61485699495276	1866	1.64740217613377	4.55961178198702	0.451001763744056	0.603000390326658
7.8	0.3	22.3473053892216	22.3473053892216	0.80616237984879	0.880562402596281	0.134622321621817	6	2.61485699495276	1866	1.64740217613377	4.55961178198702	0.451001763744056	0.603000390326658
8.06	0.31	27.0538922155689	27.0538922155689	0.767160726089388	0.866607236228109	0.162975254310656	5	2.11595511414936	2259	1.55192730964437	4.74487190732957	0.333557127736587	0.515223224753947
8.32	0.32	27.0538922155689	27.0538922155689	0.767160726089388	0.866607236228109	0.162975254310656	5	2.11595511414936	2259	1.55192730964437	4.74487190732957	0.333557127736587	0.515223224753947
8.58	0.33	27.0538922155689	27.0538922155689	0.767160726089388	0.866607236228109	0.162975254310656	5	2.11595511414936	2259	1.55192730964437	4.74487190732957	0.333557127736587	0.515223224753947
8.84	0.34	27.0538922155689	27.0538922155689	0.767160726089388	0.866607236228109	0.162975254310656	5	2.11595511414936	2259	1.55192730964437	4.74487190732957	0.333557127736587	0.515223224753947
9.1	0.35	33.0059880239521	33.0059880239521	0.727392072708912	0.865560338123371	0.198831253156338	4	1.87022900763359	2756	1.46366857676267	4.87283377733644	0.209004506007902	0.491271504242997
9.36	0.36	33.0059880239521	33.0059880239521	0.727392072708912	0.865560338123371	0.198831253156338	4	1.87022900763359	2756	1.46366857676267	4.87283377733644	0.209004506007902	0.491271504242997
9.62	0.37	33.0059880239521	33.0059880239521	0.727392072708912	0.865560338123371	0.198831253156338	4	1.87022900763359	2756	1.46366857676267	4.87283377733644	0.209004506007902	0.491271504242997
9.88	0.38	33.0059880239521	33.0059880239521	0.727392072708912	0.865560338123371	0.198831253156338	4	1.87022900763359	2756	1.46366857676267	4.87283377733644	0.209004506007902	0.491271504242997
10.14	0.39	40.5508982035928	40.5508982035928	0.715835926822441	0.845343457162888	0.244282519298752	4	1.74997190695584	3386	1.38228595150186	5.07687504103676	0.195520183222046	0.423346177751822
10.4	0.4	40.5508982035928	40.5508982035928	0.715835926822441	0.845343457162888	0.244282519298752	4	1.74997190695584	3386	1.38228595150186	5.07687504103676	0.195520183222046	0.423346177751822
10.66	0.41	40.5508982035928	40.5508982035928	0.715835926822441	0.845343457162888	0.244282519298752	4	1.74997190695584	3386	1.38228595150186	5.07687504103676	0.195520183222046	0.423346177751822
10.92	0.42	40.5508982035928	40.5508982035928	0.715835926822441	0.845343457162888	0.244282519298752	4	1.74997190695584	3386	1.38228595150186	5.07687504103676	0.195520183222046	0.423346177751822
11.18	0.43	49.6167664670659	49.6167664670659	0.728589583544204	0.845096212584801	0.298896183536541	4	1.60874365202031	4143	1.31085112478721	5.18047111921103	0.168624911146969	0.325120365016066
11.44	0.44	49.6167664670659	49.6167664670659	0.728589583544204	0.845096212584801	0.298896183536541	4	1.60874365202031	4143	1.31085112478721	5.18047111921103	0.168624911146969	0.325120365016066
11.7	0.45	49.6167664670659	49.6167664670659	0.728589583544204	0.845096212584801	0.298896183536541	4	1.60874365202031	4143	1.31085112478721	5.18047111921103	0.168624911146969	0.325120365016066
11.96	0.46	49.6167664670659	49.6167664670659	0.728589583544204	0.845096212584801	0.298896183536541	4	1.60874365202031	4143	1.31085112478721	5.18047111921103	0.168624911146969	0.325120365016066
12.22	0.47	64.9940119760479	64.9940119760479	0.772815025235114	0.846656387902547	0.391530192626795	4	1.42598023243185	5427	1.22607377726322	5.23581563187182	0.301890698375184	0.210313897272736
12.48	0.48	64.9940119760479	64.9940119760479	0.772815025235114	0.846656387902547	0.391530192626795	4	1.42598023243185	5427	1.22607377726322	5.23581563187182	0.301890698375184	0.210313897272736
12.74	0.49	64.9940119760479	64.9940119760479	0.772815025235114	0.846656387902547	0.391530192626795	4	1.42598023243185	5427	1.22607377726322	5.23581563187182	0.301890698375184	0.210313897272736
13	0.5	79.940119760479	79.940119760479	0.835631847630014	0.878101927662788	0.48156698650891	5	1.81212121212121	6675	1.16815093358385	5.09864433459006	0.399008103315768	0.161779645479948
13.26	0.51	79.940119760479	79.940119760479	0.835631847630014	0.878101927662788	0.48156698650891	5	1.81212121212121	6675	1.16815093358385	5.09864433459006	0.399008103315768	0.161779645479948
13.52	0.52	79.940119760479	79.940119760479	0.835631847630014	0.878101927662788	0.48156698650891	5	1.81212121212121	6675	1.16815093358385	5.09864433459006	0.399008103315768	0.161779645479948
13.78	0.53	79.940119760479	79.940119760479	0.835631847630014	0.878101927662788	0.48156698650891	5	1.81212121212121	6675	1.16815093358385	5.09864433459006	0.399008103315768	0.161779645479948
14.04	0.54	90.2754491017964	90.2754491017964	0.87177024024528	0.895889180360523	0.543828006637328	3	1.62241694048923	7538	1.13660818088237	5.1951838312344	0.407888493566569	0.126398474047547
14.3	0.55	90.2754491017964	90.2754491017964	0.87177024024528	0.895889180360523	0.543828006637328	3	1.62241694048923	7538	1.13660818088237	5.1951838312344	0.407888493566569	0.126398474047547
14.56	0.56	90.2754491017964	90.2754491017964	0.87177024024528	0.895889180360523	0.543828006637328	3	1.62241694048923	7538	1.13660818088237	5.1951838312344	0.407888493566569	0.126398474047547
14.82	0.57	90.2754491017964	90.2754491017964	0.87177024024528	0.895889180360523	0.543828006637328	3	1.62241694048923	7538	1.13660818088237	5.1951838312344	0.407888493566569	0.126398474047547
15.08	0.58	97.6047904191617	97.6047904191617	0.88772220466262	0.900754104843208	0.587980665175673	3	1.46143856864584	8150	1.11723987043201	5.01866097567024	0.36153835295551	0.0981716921973776
15.34	0.59	97.6047904191617	97.6047904191617	0.88772220466262	0.900754104843208	0.587980665175673	3	1.46143856864584	8150	1.11723987043201	5.01866097567024	0.36153835295551	0.0981716921973776
15.6	0.6	97.6047904191617	97.6047904191617	0.88772220466262	0.900754104843208	0.587980665175673	3	1.46143856864584	8150	1.11723987043201	5.01866097567024	0.36153835295551	0.0981716921973776
15.86	0.61	97.6047904191617	97.6047904191617	0.88772220466262	0.900754104843208	0.587980665175673	3	1.46143856864584	8150	1.11723987043201	5.01866097567024	0.36153835295551	0.0981716921973776
16.12	0.62	105.748502994012	105.748502994012	0.901609956708723	0.906948099996846	0.637039174662723	3	1.39001515042205	8830	1.09803130440507	5.02454256827402	0.308871460073992	0.0830319414035913
16.38	0.63	105.748502994012	105.748502994012	0.901609956708723	0.906948099996846	0.637039174662723	3	1.39001515042205	8830	1.09803130440507	5.02454256827402	0.308871460073992	0.0830319414035913
16.64	0.64	105.748502994012	105.748502994012	0.901609956708723	0.906948099996846	0.637039174662723	3	1.39001515042205	8830	1.09803130440507	5.02454256827402	0.308871460073992	0.0830319414035913
16.9	0.65	105.748502994012	105.748502994012	0.901609956708723	0.906948099996846	0.637039174662723	3	1.39001515042205	8830	1.09803130440507	5.02454256827402	0.308871460073992	0.0830319414035913
17.16	0.66	114.898203592814	114.898203592814	0.89949570712183	0.90630993867159	0.692157852968761	3	1.32061178847125	9594	1.0788245347625	4.94640167953357	0.225431422135739	0.0678732978954881
17.42	0.67	114.898203592814	114.898203592814	0.89949570712183	0.90630993867159	0.692157852968761	3	1.32061178847125	9594	1.0788245347625	4.94640167953357	0.225431422135739	0.0678732978954881
17.68	0.68	114.898203592814	114.898203592814	0.89949570712183	0.90630993867159	0.692157852968761	3	1.32061178847125	9594	1.0788245347625	4.94640167953357	0.225431422135739	0.0678732978954881
17.94	0.69	114.898203592814	114.898203592814	0.89949570712183	0.90630993867159	0.692157852968761	3	1.32061178847125	9594	1.0788245347625	4.94640167953357	0.225431422135739	0.0678732978954881
18.2	0.7	128.071856287425	128.071856287425	0.895978888924308	0.903429385600773	0.771517206550754	3	1.23014212538778	10694	1.0546929057719	4.87033022210029	0.092965511679582	0.0414379109658251
18.46	0.71	128.071856287425	128.071856287425	0.895978888924308	0.903429385600773	0.771517206550754	3	1.23014212538778	10694	1.0546929057719	4.87033022210029	0.092965511679582	0.0414379109658251
18.72	0.72	128.071856287425	128.071856287425	0.895978888924308	0.903429385600773	0.771517206550754	3	1.23014212538778	10694	1.0546929057719	4.87033022210029	0.092965511679582	0.0414379109658251
18.98	0.73	128.071856287425	128.071856287425	0.895978888924308	0.903429385600773	0.771517206550754	3	1.23014212538778	10694	1.0546929057719	4.87033022210029	0.092965511679582	0.0414379109658251
19.24	0.74	139.137724550898	139.137724550898	0.909609842106878	0.916588203640641	0.838179063559628	2	1.16182093644037	11618	1.03698325747241	5.10493366272793	-0.000852852290951506	0.0258010417707882
19.5	0.75	139.137724550898	139.137724550898	0.909609842106878	0.916588203640641	0.838179063559628	2	1.16182093644037	11618	1.03698325747241	5.10493366272793	-0.000852852290951506	0.0258010417707882
19.76	0.76	139.137724550898	139.137724550898	0.909609842106878	0.916588203640641	0.838179063559628	2	1.16182093644037	11618	1.03698325747241	5.10493366272793	-0.000852852290951506	0.0258010417707882
20.02	0.77	148.407185628743	148.407185628743	0.929623576720032	0.935389348611717	0.894019190534593	2	1.10598080946541	12392	1.02360700247061	4.67817518424179	-0.0693549228228231	0.0133241073783757
20.28	0.78	148.407185628743	148.407185628743	0.929623576720032	0.935389348611717	0.894019190534593	2	1.10598080946541	12392	1.02360700247061	4.67817518424179	-0.0693549228228231	0.0133241073783757
20.54	0.79	148.407185628743	148.407185628743	0.929623576720032	0.935389348611717	0.894019190534593	2	1.10598080946541	12392	1.02360700247061	4.67817518424179	-0.0693549228228231	0.0133241073783757
20.8	0.8	148.407185628743	148.407185628743	0.929623576720032	0.935389348611717	0.894019190534593	2	1.10598080946541	12392	1.02360700247061	4.67817518424179	-0.0693549228228231	0.0133241073783757
21.06	0.81	155.796407185629	155.796407185629	0.954370245464184	0.956706230134261	0.938532573407402	2	1.0614674265926	13009	1.01375518488901	4.00313252111969	-0.0710396045646917	0.00243099722274173
21.32	0.82	155.796407185629	155.796407185629	0.954370245464184	0.956706230134261	0.938532573407402	2	1.0614674265926	13009	1.01375518488901	4.00313252111969	-0.0710396045646917	0.00243099722274173
21.58	0.83	155.796407185629	155.796407185629	0.954370245464184	0.956706230134261	0.938532573407402	2	1.0614674265926	13009	1.01375518488901	4.00313252111969	-0.0710396045646917	0.00243099722274173
21.84	0.84	155.796407185629	155.796407185629	0.954370245464184	0.956706230134261	0.938532573407402	2	1.0614674265926	13009	1.01375518488901	4.00313252111969	-0.0710396045646917	0.00243099722274173
22.1	0.85	160.299401197605	160.299401197605	0.971857985311275	0.97271580850903	0.965659043359065	2	1.03434095664093	13385	1.00806581423577	3.12511547445492	-0.0699111883047404	-0.00300405716496362
22.36	0.86	160.299401197605	160.299401197605	0.971857985311275	0.97271580850903	0.965659043359065	2	1.03434095664093	13385	1.00806581423577	3.12511547445492	-0.0699111883047404	-0.00300405716496362
22.62	0.87	160.299401197605	160.299401197605	0.971857985311275	0.97271580850903	0.965659043359065	2	1.03434095664093	13385	1.00806581423577	3.12511547445492	-0.0699111883047404	-0.00300405716496362
22.88	0.88	160.299401197605	160.299401197605	0.971857985311275	0.97271580850903	0.965659043359065	2	1.03434095664093	13385	1.00806581423577	3.12511547445492	-0.0699111883047404	-0.00300405716496362
23.14	0.89	163.305389221557	163.305389221557	0.985530097406423	0.985745317589245	0.983767404949138	2	1.01623259505086	13636	1.00439039846551	2.28788978967243	-0.0590154190873146	-0.00498143707967557
23.4	0.9	163.305389221557	163.305389221557	0.985530097406423	0.985745317589245	0.983767404949138	2	1.01623259505086	13636	1.00439039846551	2.28788978967243	-0.0590154190873146	-0.00498143707967557
23.66	0.91	163.305389221557	163.305389221557	0.985530097406423	0.985745317589245	0.983767404949138	2	1.01623259505086	13636	1.00439039846551	2.28788978967243	-0.0590154190873146	-0.00498143707967557
23.92	0.92	163.305389221557	163.305389221557	0.985530097406423	0.985745317589245	0.983767404949138	2	1.01623259505086	13636	1.00439039846551	2.28788978967243	-0.0590154190873146	-0.00498143707967557
24.18	0.93	164.922155688623	164.922155688623	0.993927191848832	0.993958681408251	0.993506961979655	2	1.00649303802034	13771	1.00245231580441	1.44326165326678	-0.0371866568671678	-0.00497994037559757
24.44	0.94	164.922155688623	164.922155688623	0.993927191848832	0.993958681408251	0.993506961979655	2	1.00649303802034	13771	1.00245231580441	1.44326165326678	-0.0371866568671678	-0.00497994037559757
24.7	0.95	164.922155688623	164.922155688623	0.993927191848832	0.993958681408251	0.993506961979655	2	1.00649303802034	13771	1.00245231580441	1.44326165326678	-0.0371866568671678	-0.00497994037559757
24.96	0.96	164.922155688623	164.922155688623	0.993927191848832	0.993958681408251	0.993506961979655	2	1.00649303802034	13771	1.00245231580441	1.44326165326678	-0.0371866568671678	-0.00497994037559757
25.22	0.97	165.784431137725	165.784431137725	0.998731348877744	0.998732647479859	0.998701392395931	2	1.00129860760407	13843	1.00142945041927	0.64904961252805	-0.0202377417497303	-0.00585952271609401
25.48	0.98	165.784431137725	165.784431137725	0.998731348877744	0.998732647479859	0.998701392395931	2	1.00129860760407	13843	1.00142945041927	0.64904961252805	-0.0202377417497303	-0.00585952271609401
25.74	0.99	165.784431137725	165.784431137725	0.998731348877744	0.998732647479859	0.998701392395931	2	1.00129860760407	13843	1.00142945041927	0.64904961252805	-0.0202377417497303	-0.00585952271609401
26	1	166	166	1	1	1	1	1	13861	1.00117489014232	0	NA	-0.00602409638554215
