"nat"	"t"	"K"	"cK"	"Gclu"	"Aclu"	"cC"	"D"	"L"	"E"	"cL"	"ent"	"AS"	"ASG"
0	0	1.18562874251497	1.18562874251497	1	1	0.00714234182237934	1	1	99	30.0575384912698	1.73420607128486	1	1
1.17	0.01	3.26946107784431	3.26946107784431	0.78742802303263	0.856481222481223	0.0196955486617127	4	1.39303482587065	273	4.3203487236739	2.86038521201945	0.376995409147749	1
2.34	0.02	5.34131736526946	5.34131736526946	0.886335658596635	0.920840158257921	0.0321766106341534	3	1.23978685612789	446	3.05465733502423	3.45042378086029	0.726488206087058	0.982807912471973
3.51	0.03	6.55089820359281	6.55089820359281	0.950627615062761	0.954648979023021	0.0394632421903182	3	1.14826498422713	547	2.72291333377097	3.47246920977056	0.871167421257937	0.985563409709728
4.68	0.04	7.17365269461078	7.17365269461078	0.955636363636364	0.958357908416157	0.0432147752687396	3	1.10746268656716	599	2.59741927464885	3.47760497765941	0.907169363327241	0.987498043308114
5.85	0.05	7.84431137724551	7.84431137724551	0.977318282519253	0.951372499603892	0.047254887814732	3	1.05370101596517	655	2.4847179963169	3.51898091110662	0.973687072055825	0.978346391616252
7.02	0.06	8.83832335329341	8.83832335329341	0.964004702903138	0.932890229264909	0.0532429117668278	3	1.23594266813671	738	2.34867624512552	3.82940386298992	0.947934551932733	0.978059967722755
8.19	0.07	9.2814371257485	9.2814371257485	0.969786981244165	0.944045447594319	0.0559122718418585	3	1.16281628162816	775	2.29710778527819	3.80900499807807	0.960192293888737	0.976463442411358
9.36	0.08	9.72455089820359	9.72455089820359	0.961715647339158	0.965473993024449	0.0585816319168891	3	1.1302475780409	812	2.25001009768244	3.9348335759204	0.935781944050123	0.975055806999938
10.53	0.09	10.0958083832335	10.0958083832335	0.965646004480956	0.96360552422585	0.0608181227905635	3	1.09978540772532	843	2.21354994138644	3.83205998827949	0.962716588956149	0.973492483248067
11.7	0.1	10.502994011976	10.502994011976	0.97140260103482	0.969740733231991	0.0632710482649159	2	1.05901287553648	877	2.17633204962265	3.8499348648057	0.963126581987895	0.972701702358854
12.87	0.11	10.8622754491018	10.8622754491018	0.979453870625663	0.97946382055932	0.0654353942716976	2	1.02682403433476	907	2.14564322514671	3.77711813936099	0.980535207384775	0.969411447294349
14.04	0.12	11.1976047904192	11.1976047904192	0.993125835401948	0.977986414464848	0.0674554505446937	3	1.01685985247629	935	2.11863808822349	3.39429351498433	0.994776207436068	0.96838187162895
15.21	0.13	11.2694610778443	11.2694610778443	0.994554894263644	0.977335846619349	0.0678883197460501	3	1.01469045120672	941	2.11304289324804	3.41734341187734	0.996927719227425	0.962199503539144
16.38	0.14	11.3293413173653	11.3293413173653	0.994264103372203	0.978527897645544	0.0682490440805137	3	1.04781281790437	946	2.10842975140296	3.33023761656724	0.9966080429065	0.960432068428262
17.55	0.15	11.4011976047904	11.4011976047904	0.99549887471868	0.985004459346564	0.06868191328187	3	1.33276450511945	952	2.10295234084828	3.31262108570559	0.996764357435569	0.958827091082087
18.72	0.16	11.6407185628743	11.6407185628743	0.990827382418124	0.958386958386958	0.0701248106197244	4	1.37156704361874	972	2.0851394117985	3.38601929650963	0.994276410570284	0.957758414636796
19.89	0.17	11.7964071856287	11.7964071856287	0.989769820971867	0.959834834834835	0.0710626938893298	4	1.3513731825525	985	2.07391367317693	3.45734048538681	0.992667018544777	0.958261650719933
21.06	0.18	13.4251497005988	13.4251497005988	0.953600226340359	0.958586611304002	0.0808743957867398	3	1.10420032310178	1121	1.97063459428485	3.85305378752802	0.923695341471446	0.939462617717867
22.23	0.19	13.9281437125749	13.9281437125748	0.971555323590814	0.963026839233736	0.083904480196234	3	1.09270998415214	1163	1.94311531434082	3.87853042503391	0.953293952908564	0.934920786441035
23.4	0.2	14.2994011976048	14.2994011976048	0.981081081081081	0.959269772200807	0.0861409710699084	3	1.0734375	1194	1.92390039557318	3.89989520373926	0.97764934173345	0.929469701444743
24.57	0.21	14.5269461077844	14.5269461077844	0.983656792645557	0.965873589810042	0.0875117235408701	3	1.05546875	1213	1.91254997000139	3.83874972227292	0.978668746142808	0.925767763987671
25.74	0.22	14.7185628742515	14.7185628742515	0.982435644362084	0.962503400528553	0.0886660414111536	3	1.3925	1229	1.90322999299256	3.81600161177819	0.975840403083873	0.917933159378845
26.91	0.23	14.9461077844311	14.9461077844311	0.972183917103345	0.964593532043527	0.0900367938821153	4	1.42280701754386	1248	1.89243361013064	4.07892928259386	0.964832815369494	0.913977708083791
28.08	0.24	15.9760479041916	15.9760479041916	0.945118955716191	0.940309498742084	0.0962412524348893	4	1.44088797108931	1334	1.84692403141041	4.05949589201132	0.914029242688311	0.889387222688379
29.25	0.25	16.7305389221557	16.7305389221557	0.930946542422756	0.930357220816572	0.100786379049131	4	1.43852065321806	1397	1.81667219488936	4.05160798312811	0.871896101858364	0.847359896697008
30.42	0.26	17.4131736526946	17.4131736526946	0.928030534351145	0.935815961081946	0.104898636462016	3	1.37175792507205	1454	1.79124506572998	4.18480858755936	0.812167646273721	0.824838113595272
31.59	0.27	18.4311377245509	18.4311377245509	0.924784940230142	0.931864616790771	0.111030950147897	5	2.04889298892989	1539	1.75632152422524	4.34536260747823	0.760895804526024	0.759514260897753
32.76	0.28	19.2095808383234	19.2095808383234	0.932375449008277	0.937265678673173	0.115720366495924	6	2.1040763226366	1604	1.73173782081572	4.10536935019532	0.733627142958384	0.714295913586894
33.93	0.29	19.6047904191617	19.6047904191617	0.93375149940024	0.944297599577524	0.118101147103384	5	2.00954032957502	1637	1.71988662651328	3.95462778551253	0.67841087202843	0.695978879956493
35.1	0.3	20.4191616766467	20.4191616766467	0.881878193245015	0.934025405467907	0.123006998052089	5	2.31148121899362	1705	1.69668103330237	4.10935065913296	0.467025131996233	0.677201508741625
36.27	0.31	21.0538922155689	21.0538922155689	0.856343757945589	0.919937634246257	0.126830675997403	5	2.18349273822175	1758	1.67963580361131	4.21877341231975	0.385445074052502	0.658471670438761
37.44	0.32	21.8083832335329	21.8083832335329	0.826257769438255	0.921557245090163	0.131375802611644	5	2.08041091037903	1821	1.66044934998088	4.30411600452858	0.329361498518377	0.640255777508776
38.61	0.33	22.8622754491018	22.8622754491018	0.802771517115087	0.915263717212459	0.137724550898204	5	2.03719447396387	1909	1.63540921027099	4.27869706036015	0.290639914515637	0.605317281858622
39.78	0.34	24.1077844311377	24.1077844311377	0.784541430679168	0.89871625023145	0.145227617055047	5	1.97409504203122	2013	1.60815015201551	4.48213461419825	0.257731383371827	0.559639702013855
40.95	0.35	25.3053892215569	25.3053892215569	0.774829883246186	0.89624958604524	0.152442103744319	5	1.92451535426317	2113	1.58401927361158	4.62484829437683	0.267521345368339	0.526529799463384
42.12	0.36	28.2634730538922	28.2634730538922	0.753198777580011	0.889510232535457	0.170261885866821	4	1.75455158462576	2360	1.53161340470443	4.88287335716068	0.286325926499716	0.469492177833058
43.29	0.37	29.9520958083832	29.9520958083832	0.745320259773335	0.887207579305291	0.180434312098694	4	1.69082939986514	2501	1.50546972223782	4.86428301699404	0.276016638538368	0.442518041452745
44.46	0.38	31.2215568862275	31.2215568862275	0.744162162162162	0.885951058956429	0.188081667989323	4	1.66832339297548	2607	1.48730950880549	4.72010026164332	0.281764786373915	0.421745338737548
45.63	0.39	32.4790419161677	32.4790419161677	0.74408402790998	0.887039899430768	0.195656879013058	4	1.64347249834327	2712	1.47043645903075	4.71880726669845	0.284333337770374	0.400097224647312
46.8	0.4	34.4191616766467	34.4191616766467	0.751526731581848	0.885810572117307	0.207344347449679	4	1.60735586481113	2874	1.44632746886404	4.96784214322412	0.328906876595975	0.387978760800336
47.97	0.41	37.1377245508982	37.1377245508982	0.770139634801289	0.892359951558637	0.223721232234327	4	1.5622929092114	3101	1.41590955588181	4.95747649167696	0.398815356727497	0.380082479223228
49.14	0.42	42.7784431137725	42.7784431137725	0.811201230862744	0.9008259726016	0.257701464540798	4	1.44267726971504	3572	1.36260571385104	4.91224171372983	0.508686853603608	0.384079316540773
50.31	0.43	44.8982035928144	44.8982035928144	0.825261039667666	0.903641756202445	0.270471105980809	3	1.40888005301524	3749	1.34528356439451	4.88936309422606	0.551255461199186	0.38343934663772
51.48	0.44	47.6646706586826	47.6646706586826	0.850425338950945	0.915026456412858	0.287136570233028	3	1.36597084161696	3980	1.32446727377704	4.88831317675227	0.608162988398684	0.378330500267543
52.65	0.45	50.2754491017964	50.2754491017964	0.872039839348584	0.92474236388247	0.302864151215641	3	1.3194168323393	4198	1.30643823222269	4.74792920445124	0.638380768887156	0.364869261001259
53.82	0.46	52.9221556886228	52.9221556886228	0.880120572625874	0.92691306580742	0.318808166798932	3	1.30561432058584	4419	1.28954982559721	4.65005777905045	0.652597421715825	0.356047516431651
54.99	0.47	54.7065868263473	54.7065868263473	0.883058616990149	0.927763872710576	0.329557751965948	3	1.27567127746135	4568	1.27886409831206	4.51105775769715	0.664413278870281	0.347599819102637
56.16	0.48	58.1317365269461	58.1317365269461	0.893290750078915	0.919837756331627	0.350191183897266	4	1.81979189727695	4854	1.25974819819211	4.76282202079624	0.709105786636754	0.336009826336557
57.33	0.49	59.7964071856287	59.7964071856287	0.898204997553187	0.925936851258804	0.360219320395354	4	1.71695815806952	4993	1.25105399571544	4.75940511534489	0.717053419238376	0.33226275439483
58.5	0.5	61.1976047904192	61.1976047904192	0.902266343825666	0.926162238771317	0.368660269821802	4	1.6560770422847	5110	1.24401054822773	4.64620516222319	0.724073312016869	0.327559840076465
59.67	0.51	62.8622754491018	62.8622754491018	0.909087768750345	0.930859845530508	0.37868840631989	4	1.60658957015056	5249	1.23594790390792	4.71510953971821	0.727512737960926	0.317636608968051
60.84	0.52	64.059880239521	64.059880239521	0.913949327767369	0.934455520045076	0.385902893009162	4	1.55127645646956	5349	1.23034072030882	4.63929308864154	0.737555305465847	0.31608987948328
62.01	0.53	65.9640718562874	65.9640718562874	0.924673206745721	0.942134920871371	0.397373926845105	4	1.45352389264674	5508	1.22173768028786	4.28750368371406	0.749283805856298	0.313778923216876
63.18	0.54	67.0778443113772	67.0778443113772	0.928853989396518	0.94707483964805	0.404083399466128	4	1.43661357189614	5601	1.21687392271866	4.22209967511778	0.759859612454074	0.314461334852686
64.35	0.55	68.4550898203593	68.4550898203593	0.931670999763649	0.948353213396697	0.412380059158791	3	1.39690159284312	5716	1.21102185587264	4.27071116168804	0.748144554940357	0.315312616127228
65.52	0.56	69.6167664670659	69.6167664670659	0.930021318540253	0.945529318010776	0.419378111247385	3	1.36733580624045	5813	1.2062190090968	4.34015671589262	0.684072058216076	0.31751796104294
66.69	0.57	70.5868263473054	70.5868263473054	0.925926893974046	0.944817452721992	0.425221845465695	3	1.3574078114772	5894	1.20229784689419	4.36074970568128	0.63326579792655	0.325597505479858
67.86	0.58	72.1437125748503	72.1437125748503	0.925613714712977	0.946000159627636	0.434600678161749	3	1.34289766528475	6024	1.19616740937506	4.41580336101955	0.603243148381788	0.331902779472807
69.03	0.59	75.4011976047904	75.4011976047904	0.915165190279934	0.93597453330278	0.454224081956569	3	1.33505265420159	6296	1.18394707002079	4.56908987142595	0.536679149424293	0.332162342977035
70.2	0.6	77.5568862275449	77.5568862275449	0.90338639041131	0.92941831785142	0.467210157997259	4	1.32401756076668	6476	1.17627673409455	4.5604511190164	0.469521314507094	0.317588524054427
71.37	0.61	79.3293413173653	79.3293413173653	0.896314587320205	0.93031369228278	0.477887598297381	4	1.3081700396188	6624	1.17019946398494	4.48400000603363	0.417993338794919	0.304223879442318
72.54	0.62	80.8383233532934	80.8383233532934	0.895354266370958	0.930847789079007	0.486977851525864	5	1.94040833994661	6750	1.16517944885398	4.76069699181928	0.40316649869673	0.292754953075717
73.71	0.63	82.2275449101796	82.2275449101796	0.893351891391636	0.92879276869313	0.49534665608542	5	1.92915374071135	6866	1.16067695249985	4.96834728269819	0.405107752752471	0.281305055415871
74.88	0.64	84.7305389221557	84.7305389221557	0.887998831190516	0.916041255837374	0.510424933265998	4	1.81949354303441	7075	1.15283734114267	5.25132416712098	0.407053220441627	0.261940095096762
76.05	0.65	92.1077844311377	92.1077844311377	0.895288015155825	0.912897269338242	0.554866171271914	4	1.75369742442825	7691	1.13155863021125	5.22034847432402	0.480603352872817	0.195385387407684
77.22	0.66	95.5928143712575	95.5928143712575	0.901320276057721	0.910874558329408	0.575860327537696	4	1.64439795108578	7982	1.12234302881779	5.22570781397825	0.51172823376195	0.173099971120255
78.39	0.67	98.9820359281437	98.9820359281437	0.909326799253676	0.913428618294268	0.596277324868336	4	1.58444556669793	8265	1.1138329594315	5.21251934150592	0.556013177517024	0.152193858741498
79.56	0.68	101.808383233533	101.808383233533	0.919364022064541	0.919792693978242	0.613303513455018	4	1.55876199408412	8501	1.10704985178801	5.08112016029567	0.60879496752016	0.138753096875859
80.73	0.69	104.407185628743	104.407185628743	0.926486635533757	0.925733937910189	0.628958949570738	4	1.51323858307481	8718	1.1010467187897	4.95729709403413	0.633146242808727	0.127679211801953
81.9	0.7	106.550898203593	106.550898203593	0.936354640807441	0.933018274871785	0.641872880744535	4	1.49888175456316	8897	1.09625344440902	4.77628818783608	0.682313864233452	0.115923015089204
83.07	0.71	110.14371257485	110.14371257485	0.946294672942231	0.938217443954892	0.663516340812351	4	1.46670514392901	9197	1.08852121771673	4.71699560708401	0.725870509532041	0.100936925407152
84.24	0.72	112.850299401198	112.850299401198	0.945680188733921	0.936635010105417	0.679821080730106	3	1.39095303369165	9423	1.08292985642184	4.69144370666761	0.676505967923287	0.0898379068289793
85.41	0.73	115.281437125748	115.281437125749	0.944319456831324	0.934723681894206	0.694466488709328	3	1.34304884207489	9626	1.07806783405773	4.50284334470675	0.6279837337199	0.0815493089647803
86.58	0.74	117.844311377246	117.844311377246	0.939260345066656	0.931513943908557	0.709905490224371	3	1.31931318086718	9840	1.07309767676454	4.59339088589021	0.56272006801927	0.0727385723654997
87.75	0.75	120.359281437126	120.359281437126	0.932911900215744	0.925941636172088	0.725055912271842	3	1.30185412307914	10050	1.06836735424522	4.47402343574647	0.471413898303501	0.0660904164240949
88.92	0.76	123.221556886228	123.221556886228	0.925303831086718	0.921559366579965	0.742298535459202	3	1.27977779380997	10289	1.06315139419522	4.52882379279289	0.363070085716187	0.0599044390004243
90.09	0.77	129.544910179641	129.544910179641	0.9137458789102	0.918704137224144	0.780391025178559	3	1.23108000865738	10817	1.05221314815633	4.55986333323935	0.170695812286653	0.0482376053380488
91.26	0.78	132.107784431138	132.107784431138	0.912913070621545	0.918588065411939	0.795830026693601	3	1.20900367938821	11031	1.04799221963631	4.66550303632688	0.135297554198382	0.0458391592544108
92.43	0.79	134.419161676647	134.419161676647	0.913684673318806	0.920266827241124	0.809753986003896	3	1.1932760984056	11224	1.04428330165672	4.76675357479337	0.0982634975721137	0.0430093056753194
93.6	0.8	136.395209580838	136.395209580838	0.9151640428998	0.922387421381664	0.821657889041195	3	1.18029002236491	11389	1.04118296328713	4.65047820717413	0.0701910105718089	0.0398427566071123
94.77	0.81	138.730538922156	138.730538922156	0.918319012699498	0.923769463949561	0.835726138085275	2	1.16427386191472	11584	1.03759940612587	4.72679919079122	0.0480414692147391	0.0373897209099738
95.94	0.82	140.898203592814	140.898203592814	0.921859850361185	0.927195122119938	0.848784358992858	2	1.15121564100714	11765	1.03434819103469	4.52331971075051	0.0255727345186707	0.0356991846014536
97.11	0.83	146.910179640719	146.910179640719	0.933421638226708	0.938779314535083	0.885001082173003	2	1.114998917827	12267	1.02568677825364	4.40233404204526	-0.0311550429947875	0.0276621951071008
98.28	0.84	149.341317365269	149.341317365269	0.94029210281926	0.944789915741252	0.899646490152226	2	1.10035350984777	12470	1.02232404568338	4.30241087540229	-0.0375397939249374	0.0243259398665577
99.45	0.85	151.988023952096	151.988023952096	0.948447007892289	0.951463967280905	0.915590505735517	2	1.08440949426448	12691	1.01874916439064	4.09524132285446	-0.0243031490564785	0.0201542154275376
100.62	0.86	153.832335329341	153.832335329341	0.954504554970376	0.957025487790811	0.926700815236996	2	1.073299184763	12845	1.01630912719443	3.66643079653152	-0.027948621575963	0.0177685134023798
101.79	0.87	155.652694610778	155.652694610778	0.958903981472138	0.960663877586435	0.937666835004689	2	1.06233316499531	12997	1.01394053102225	3.77124557461354	-0.0360996278871112	0.0142827386374785
102.96	0.88	157.449101796407	157.449101796407	0.962719548054887	0.963696897202345	0.948488565038597	2	1.0515114349614	13147	1.01164071543727	3.52092275755357	-0.0391155087630658	0.0112196131512317
104.13	0.89	161.520958083832	161.520958083832	0.977473413153013	0.977706855020795	0.973017819782123	2	1.02698218021788	13487	1.00656072803174	3.08513861951334	-0.0321088671938756	0.00236127305662537
105.3	0.9	163.197604790419	163.197604790419	0.985412621457934	0.985479284657515	0.983118101147103	2	1.0168818988529	13627	1.0045205533588	2.59251698940864	-0.0213307565220057	-0.00131041362953021
106.47	0.91	164.574850299401	164.574850299401	0.992320508391148	0.992353820452079	0.991414760839766	2	1.00858523916023	13742	1.00286640820242	1.89550985607051	-0.0236339129713043	-0.00399420090079419
107.64	0.92	165.293413173653	165.293413173653	0.996126662757322	0.996143581907524	0.995743452853329	2	1.00425654714667	13802	1.00201100525413	1.24068776016265	-0.0262729773790074	-0.00508848423415063
108.81	0.93	165.652694610778	165.652694610778	0.99804931890804	0.998054215922693	0.997907798860111	2	1.00209220113989	13832	1.00158524185995	0.829114540010141	-0.0212401934524835	-0.00546182113715159
109.98	0.94	165.688622754491	165.688622754491	0.998235774284435	0.998239720020858	0.998124233460789	2	1.00187576653921	13835	1.00154273619372	0.738852933274691	-0.0211549145660717	-0.00555052160845552
111.15	0.95	165.892215568862	165.892215568862	0.999381383992424	0.999382177594431	0.999350696197965	2	1.00064930380203	13852	1.00130211275304	0.355052899725751	-0.0166307044124304	-0.00575814268577159
112.32	0.96	165.904191616766	165.904191616766	0.999446694679208	0.999447326595439	0.999422841064858	2	1.00057715893514	13853	1.001287971229	0.329827895995117	-0.0165308460355519	-0.00578769741059195
113.49	0.97	165.904191616766	165.904191616766	0.999446694679208	0.999447326595439	0.999422841064858	2	1.00057715893514	13853	1.001287971229	0.329827895995117	-0.0165308460355519	-0.00578769741059195
114.66	0.98	165.916167664671	165.916167664671	0.999512862530069	0.999513350079689	0.999494985931751	2	1.00050501406825	13854	1.00127383112514	0.303465523943419	-0.0163970507371456	-0.00581725105748481
115.83	0.99	165.988023952096	165.988023952096	0.999927844721841	0.999927855133106	0.999927855133107	2	1.00007214486689	13860	1.00118902031189	0.0936254580395636	-0.0120481929387619	-0.00599455029021383
117	1	166	166	1	1	1	1	1	13861	1.00117489014232	0	NA	-0.00602409638554215
