0;2;6;7;6;6;6;6;7;5;5;5;5;5;5;5;5;6;5;7;4;4;4;4;4;4;4;4;5;4;14;15;14;14;14;14;14;14;14;15;14;14;14;14;14;14;15;15;15;15;14;14;14;15;12;13;12;12;14;14;12;11;13;13;12;12;12;13;12;17;15;15;16;16;15;15;18;18;18;20;18;19;19;19;19;19;20;19;20;19;19;17;17;17;17;17;18;18;18;18;14;14;16;22;13;23;16;16;18;18;16;16;19;12;17;17;18;17;17;17;18;21;18;17;17;17;16;16;15;16;16;16;15;24;24;25;22;21;24;21;22;22;23;22;23;22;22;22;22;22;22;22;22;22;22;24;23;23;22;22;23;22;22;24;22;26;23
2;0;4;5;4;4;4;4;5;3;3;3;3;3;3;3;3;4;3;5;2;4;4;4;4;4;4;4;5;4;12;13;12;12;12;12;12;12;12;13;12;12;12;12;12;12;13;13;13;13;12;12;12;13;10;11;10;10;12;12;10;9;11;11;10;10;10;11;12;15;13;13;14;14;13;13;16;16;16;18;16;17;17;17;17;17;18;17;18;17;17;15;15;15;15;15;16;16;16;16;12;12;14;20;11;21;14;14;16;16;14;14;17;12;15;15;16;15;15;15;16;19;16;15;15;15;14;14;13;14;14;14;13;22;22;23;20;19;22;19;20;20;21;20;21;20;20;20;20;20;20;20;20;20;20;22;21;21;20;20;21;20;20;22;20;24;21
6;4;0;1;0;0;0;0;1;1;1;1;1;1;1;1;2;2;1;1;3;5;5;5;5;5;5;5;6;5;13;14;13;13;13;13;13;13;13;14;13;13;13;13;13;13;14;14;14;14;13;13;13;12;9;10;8;8;10;10;8;7;11;11;10;8;8;9;10;14;10;10;11;11;10;10;13;13;13;15;15;16;16;16;16;14;15;14;15;16;16;12;12;12;12;12;13;13;13;13;9;9;12;17;8;20;13;13;15;15;13;14;13;12;12;12;13;12;12;12;13;16;13;12;12;12;12;11;12;11;11;11;10;22;22;23;20;17;19;17;18;18;19;18;19;18;18;18;18;18;17;17;17;17;17;19;18;18;17;17;18;17;17;19;20;21;18
7;5;1;0;1;1;1;1;2;2;2;2;2;2;2;2;3;3;2;2;4;6;6;6;6;6;6;6;7;6;14;15;14;14;14;14;14;14;14;15;14;14;14;14;14;14;15;15;15;15;14;14;14;13;10;11;9;9;11;11;9;8;12;12;11;9;9;10;11;15;11;11;12;12;11;11;14;14;14;16;16;17;17;17;17;15;16;15;16;17;17;13;13;13;13;13;14;14;14;14;10;10;13;18;9;21;14;14;16;16;14;15;14;13;13;13;14;13;13;13;14;17;14;13;13;13;13;12;13;12;12;12;11;22;22;23;20;17;19;17;18;18;19;18;19;18;18;18;18;18;17;17;17;17;17;19;18;18;17;17;18;17;17;19;20;21;18
6;4;0;1;0;0;0;0;1;1;1;1;1;1;1;1;2;2;1;1;3;5;5;5;5;5;5;5;6;5;13;14;13;13;13;13;13;13;13;14;13;13;13;13;13;13;14;14;14;14;13;13;13;12;9;10;8;8;10;10;8;7;11;11;10;8;8;9;10;14;10;10;11;11;10;10;13;13;13;15;15;16;16;16;16;14;15;14;15;16;16;12;12;12;12;12;13;13;13;13;9;9;12;17;8;20;13;13;15;15;13;14;13;12;12;12;13;12;12;12;13;16;13;12;12;12;12;11;12;11;11;11;10;22;22;23;20;17;19;17;18;18;19;18;19;18;18;18;18;18;17;17;17;17;17;19;18;18;17;17;18;17;17;19;20;21;18
6;4;0;1;0;0;0;0;1;1;1;1;1;1;1;1;2;2;1;1;3;5;5;5;5;5;5;5;6;5;13;14;13;13;13;13;13;13;13;14;13;13;13;13;13;13;14;14;14;14;13;13;13;12;9;10;8;8;10;10;8;7;11;11;10;8;8;9;10;14;10;10;11;11;10;10;13;13;13;15;15;16;16;16;16;14;15;14;15;16;16;12;12;12;12;12;13;13;13;13;9;9;12;17;8;20;13;13;15;15;13;14;13;12;12;12;13;12;12;12;13;16;13;12;12;12;12;11;12;11;11;11;10;22;22;23;20;17;19;17;18;18;19;18;19;18;18;18;18;18;17;17;17;17;17;19;18;18;17;17;18;17;17;19;20;21;18
6;4;0;1;0;0;0;0;1;1;1;1;1;1;1;1;2;2;1;1;3;5;5;5;5;5;5;5;6;5;13;14;13;13;13;13;13;13;13;14;13;13;13;13;13;13;14;14;14;14;13;13;13;12;9;10;8;8;10;10;8;7;11;11;10;8;8;9;10;14;10;10;11;11;10;10;13;13;13;15;15;16;16;16;16;14;15;14;15;16;16;12;12;12;12;12;13;13;13;13;9;9;12;17;8;20;13;13;15;15;13;14;13;12;12;12;13;12;12;12;13;16;13;12;12;12;12;11;12;11;11;11;10;22;22;23;20;17;19;17;18;18;19;18;19;18;18;18;18;18;17;17;17;17;17;19;18;18;17;17;18;17;17;19;20;21;18
6;4;0;1;0;0;0;0;1;1;1;1;1;1;1;1;2;2;1;1;3;5;5;5;5;5;5;5;6;5;13;14;13;13;13;13;13;13;13;14;13;13;13;13;13;13;14;14;14;14;13;13;13;12;9;10;8;8;10;10;8;7;11;11;10;8;8;9;10;14;10;10;11;11;10;10;13;13;13;15;15;16;16;16;16;14;15;14;15;16;16;12;12;12;12;12;13;13;13;13;9;9;12;17;8;20;13;13;15;15;13;14;13;12;12;12;13;12;12;12;13;16;13;12;12;12;12;11;12;11;11;11;10;22;22;23;20;17;19;17;18;18;19;18;19;18;18;18;18;18;17;17;17;17;17;19;18;18;17;17;18;17;17;19;20;21;18
7;5;1;2;1;1;1;1;0;2;2;2;2;2;2;2;3;3;2;2;4;4;4;4;4;4;4;4;5;6;14;15;14;14;14;14;14;14;14;15;14;14;14;14;14;14;15;15;15;15;14;14;14;13;10;11;9;9;11;11;9;8;12;12;11;9;9;10;11;15;11;11;12;12;11;11;14;14;14;16;16;17;17;17;17;15;16;15;16;17;17;13;13;13;13;13;14;14;14;14;10;10;13;18;9;21;14;14;16;16;14;15;14;13;13;13;14;13;13;13;14;17;14;13;13;13;13;12;13;12;12;12;11;23;23;24;21;18;20;18;19;19;20;19;20;19;19;19;19;19;18;18;18;18;18;20;19;19;18;18;19;18;18;20;21;22;17
5;3;1;2;1;1;1;1;2;0;0;0;0;0;0;0;1;1;0;2;2;4;4;4;4;4;4;4;5;4;12;13;12;12;12;12;12;12;12;13;12;12;12;12;12;12;13;13;13;13;12;12;12;13;10;11;7;7;9;9;7;6;10;10;9;7;7;8;9;14;10;10;11;11;10;10;13;13;13;15;15;16;16;16;16;14;15;14;15;16;16;12;12;12;12;12;13;13;13;13;9;9;11;17;8;20;12;12;14;14;12;13;14;12;12;12;13;12;12;12;13;16;13;12;12;12;12;11;12;11;11;11;10;22;22;23;20;17;19;17;18;18;19;18;19;18;18;18;18;18;18;18;18;18;18;20;19;19;18;18;19;18;18;20;21;21;18
5;3;1;2;1;1;1;1;2;0;0;0;0;0;0;0;1;1;0;2;2;4;4;4;4;4;4;4;5;4;12;13;12;12;12;12;12;12;12;13;12;12;12;12;12;12;13;13;13;13;12;12;12;13;10;11;7;7;9;9;7;6;10;10;9;7;7;8;9;14;10;10;11;11;10;10;13;13;13;15;15;16;16;16;16;14;15;14;15;16;16;12;12;12;12;12;13;13;13;13;9;9;11;17;8;20;12;12;14;14;12;13;14;12;12;12;13;12;12;12;13;16;13;12;12;12;12;11;12;11;11;11;10;22;22;23;20;17;19;17;18;18;19;18;19;18;18;18;18;18;18;18;18;18;18;20;19;19;18;18;19;18;18;20;21;21;18
5;3;1;2;1;1;1;1;2;0;0;0;0;0;0;0;1;1;0;2;2;4;4;4;4;4;4;4;5;4;12;13;12;12;12;12;12;12;12;13;12;12;12;12;12;12;13;13;13;13;12;12;12;13;10;11;7;7;9;9;7;6;10;10;9;7;7;8;9;14;10;10;11;11;10;10;13;13;13;15;15;16;16;16;16;14;15;14;15;16;16;12;12;12;12;12;13;13;13;13;9;9;11;17;8;20;12;12;14;14;12;13;14;12;12;12;13;12;12;12;13;16;13;12;12;12;12;11;12;11;11;11;10;22;22;23;20;17;19;17;18;18;19;18;19;18;18;18;18;18;18;18;18;18;18;20;19;19;18;18;19;18;18;20;21;21;18
5;3;1;2;1;1;1;1;2;0;0;0;0;0;0;0;1;1;0;2;2;4;4;4;4;4;4;4;5;4;12;13;12;12;12;12;12;12;12;13;12;12;12;12;12;12;13;13;13;13;12;12;12;13;10;11;7;7;9;9;7;6;10;10;9;7;7;8;9;14;10;10;11;11;10;10;13;13;13;15;15;16;16;16;16;14;15;14;15;16;16;12;12;12;12;12;13;13;13;13;9;9;11;17;8;20;12;12;14;14;12;13;14;12;12;12;13;12;12;12;13;16;13;12;12;12;12;11;12;11;11;11;10;22;22;23;20;17;19;17;18;18;19;18;19;18;18;18;18;18;18;18;18;18;18;20;19;19;18;18;19;18;18;20;21;21;18
5;3;1;2;1;1;1;1;2;0;0;0;0;0;0;0;1;1;0;2;2;4;4;4;4;4;4;4;5;4;12;13;12;12;12;12;12;12;12;13;12;12;12;12;12;12;13;13;13;13;12;12;12;13;10;11;7;7;9;9;7;6;10;10;9;7;7;8;9;14;10;10;11;11;10;10;13;13;13;15;15;16;16;16;16;14;15;14;15;16;16;12;12;12;12;12;13;13;13;13;9;9;11;17;8;20;12;12;14;14;12;13;14;12;12;12;13;12;12;12;13;16;13;12;12;12;12;11;12;11;11;11;10;22;22;23;20;17;19;17;18;18;19;18;19;18;18;18;18;18;18;18;18;18;18;20;19;19;18;18;19;18;18;20;21;21;18
5;3;1;2;1;1;1;1;2;0;0;0;0;0;0;0;1;1;0;2;2;4;4;4;4;4;4;4;5;4;12;13;12;12;12;12;12;12;12;13;12;12;12;12;12;12;13;13;13;13;12;12;12;13;10;11;7;7;9;9;7;6;10;10;9;7;7;8;9;14;10;10;11;11;10;10;13;13;13;15;15;16;16;16;16;14;15;14;15;16;16;12;12;12;12;12;13;13;13;13;9;9;11;17;8;20;12;12;14;14;12;13;14;12;12;12;13;12;12;12;13;16;13;12;12;12;12;11;12;11;11;11;10;22;22;23;20;17;19;17;18;18;19;18;19;18;18;18;18;18;18;18;18;18;18;20;19;19;18;18;19;18;18;20;21;21;18
5;3;1;2;1;1;1;1;2;0;0;0;0;0;0;0;1;1;0;2;2;4;4;4;4;4;4;4;5;4;12;13;12;12;12;12;12;12;12;13;12;12;12;12;12;12;13;13;13;13;12;12;12;13;10;11;7;7;9;9;7;6;10;10;9;7;7;8;9;14;10;10;11;11;10;10;13;13;13;15;15;16;16;16;16;14;15;14;15;16;16;12;12;12;12;12;13;13;13;13;9;9;11;17;8;20;12;12;14;14;12;13;14;12;12;12;13;12;12;12;13;16;13;12;12;12;12;11;12;11;11;11;10;22;22;23;20;17;19;17;18;18;19;18;19;18;18;18;18;18;18;18;18;18;18;20;19;19;18;18;19;18;18;20;21;21;18
5;3;2;3;2;2;2;2;3;1;1;1;1;1;1;1;0;2;1;3;2;4;4;4;4;4;4;4;5;4;12;13;12;12;12;12;12;12;12;13;12;12;12;12;12;12;13;13;13;13;12;12;12;13;10;11;8;8;10;10;8;7;11;11;10;8;8;9;10;15;11;11;12;12;11;11;14;14;14;16;16;17;17;17;17;15;16;15;16;17;17;13;13;13;13;13;14;14;14;14;10;10;12;18;9;21;12;12;14;14;12;13;15;13;13;13;14;13;13;13;14;17;14;13;13;13;12;12;12;12;12;12;11;22;22;23;20;17;20;17;18;18;19;18;19;18;18;18;18;18;18;18;18;18;18;20;19;19;18;18;19;18;18;20;21;22;19
6;4;2;3;2;2;2;2;3;1;1;1;1;1;1;1;2;0;1;3;3;5;5;5;5;5;5;5;6;5;12;13;12;12;12;12;12;12;12;13;12;12;12;12;12;12;13;13;13;13;12;12;12;13;10;11;7;7;9;9;7;6;10;10;9;7;7;8;9;14;10;10;11;11;10;10;13;13;13;15;16;17;16;17;17;15;16;15;16;17;17;12;12;12;12;12;13;13;13;13;9;9;11;17;9;20;12;12;14;14;12;13;14;13;12;12;13;12;12;12;13;16;13;12;12;12;12;11;12;11;11;11;10;22;22;23;21;17;19;17;18;18;19;18;19;18;18;18;18;18;18;18;18;18;18;20;19;19;18;18;19;18;18;20;21;21;18
5;3;1;2;1;1;1;1;2;0;0;0;0;0;0;0;1;1;0;2;2;4;4;4;4;4;4;4;5;4;12;13;12;12;12;12;12;12;12;13;12;12;12;12;12;12;13;13;13;13;12;12;12;13;10;11;7;7;9;9;7;6;10;10;9;7;7;8;9;14;10;10;11;11;10;10;13;13;13;15;15;16;16;16;16;14;15;14;15;16;16;12;12;12;12;12;13;13;13;13;9;9;11;17;8;20;12;12;14;14;12;13;14;12;12;12;13;12;12;12;13;16;13;12;12;12;12;11;12;11;11;11;10;22;22;23;20;17;19;17;18;18;19;18;19;18;18;18;18;18;18;18;18;18;18;20;19;19;18;18;19;18;18;20;21;21;18
7;5;1;2;1;1;1;1;2;2;2;2;2;2;2;2;3;3;2;0;4;6;6;6;6;6;6;6;7;6;14;15;14;14;14;14;14;14;14;15;14;14;14;14;14;14;15;15;15;15;14;14;14;13;10;11;9;9;11;11;9;8;12;12;11;9;9;10;11;15;11;11;12;12;11;11;14;14;14;16;16;17;17;17;17;15;16;15;16;17;17;13;13;13;13;13;14;14;14;14;10;10;13;18;9;21;14;14;16;16;14;15;14;13;13;13;12;13;13;13;14;17;14;13;13;13;13;12;13;12;12;12;11;23;23;24;21;18;20;18;19;19;20;19;20;19;19;19;19;19;18;18;18;18;18;20;19;19;18;18;19;18;18;20;21;22;19
4;2;3;4;3;3;3;3;4;2;2;2;2;2;2;2;2;3;2;4;0;3;3;3;3;3;3;3;4;2;10;11;10;10;10;10;10;10;10;11;10;10;10;10;10;10;11;11;11;11;10;10;10;11;9;10;9;9;11;11;9;8;10;10;9;9;9;10;11;14;12;12;13;13;12;12;15;15;15;17;15;16;16;16;16;16;17;16;17;16;16;14;14;14;14;14;15;15;15;15;11;11;13;19;10;20;12;12;15;15;12;14;16;12;14;14;15;14;14;14;15;18;15;14;14;14;13;13;13;13;13;13;12;21;21;22;19;18;21;18;19;19;20;19;20;19;19;19;19;19;19;19;19;19;19;21;20;20;19;19;20;19;19;21;20;23;20
4;4;5;6;5;5;5;5;4;4;4;4;4;4;4;4;4;5;4;6;3;0;0;0;0;0;0;0;1;3;13;14;13;13;13;13;13;13;13;14;13;13;13;13;13;13;14;14;14;14;13;13;13;14;11;12;11;11;13;13;11;10;12;12;11;11;11;12;13;16;14;14;15;15;14;14;17;17;17;19;17;18;18;18;18;18;19;18;19;18;18;16;16;16;16;16;17;17;17;17;13;13;15;21;12;22;15;15;17;17;15;16;18;12;16;16;17;16;16;16;17;20;17;16;16;16;15;15;15;15;15;15;14;23;23;24;21;20;23;20;21;21;22;21;22;21;21;21;21;21;21;21;21;21;21;23;22;22;21;21;22;21;21;23;22;25;20
4;4;5;6;5;5;5;5;4;4;4;4;4;4;4;4;4;5;4;6;3;0;0;0;0;0;0;0;1;3;13;14;13;13;13;13;13;13;13;14;13;13;13;13;13;13;14;14;14;14;13;13;13;14;11;12;11;11;13;13;11;10;12;12;11;11;11;12;13;16;14;14;15;15;14;14;17;17;17;19;17;18;18;18;18;18;19;18;19;18;18;16;16;16;16;16;17;17;17;17;13;13;15;21;12;22;15;15;17;17;15;16;18;12;16;16;17;16;16;16;17;20;17;16;16;16;15;15;15;15;15;15;14;23;23;24;21;20;23;20;21;21;22;21;22;21;21;21;21;21;21;21;21;21;21;23;22;22;21;21;22;21;21;23;22;25;20
4;4;5;6;5;5;5;5;4;4;4;4;4;4;4;4;4;5;4;6;3;0;0;0;0;0;0;0;1;3;13;14;13;13;13;13;13;13;13;14;13;13;13;13;13;13;14;14;14;14;13;13;13;14;11;12;11;11;13;13;11;10;12;12;11;11;11;12;13;16;14;14;15;15;14;14;17;17;17;19;17;18;18;18;18;18;19;18;19;18;18;16;16;16;16;16;17;17;17;17;13;13;15;21;12;22;15;15;17;17;15;16;18;12;16;16;17;16;16;16;17;20;17;16;16;16;15;15;15;15;15;15;14;23;23;24;21;20;23;20;21;21;22;21;22;21;21;21;21;21;21;21;21;21;21;23;22;22;21;21;22;21;21;23;22;25;20
4;4;5;6;5;5;5;5;4;4;4;4;4;4;4;4;4;5;4;6;3;0;0;0;0;0;0;0;1;3;13;14;13;13;13;13;13;13;13;14;13;13;13;13;13;13;14;14;14;14;13;13;13;14;11;12;11;11;13;13;11;10;12;12;11;11;11;12;13;16;14;14;15;15;14;14;17;17;17;19;17;18;18;18;18;18;19;18;19;18;18;16;16;16;16;16;17;17;17;17;13;13;15;21;12;22;15;15;17;17;15;16;18;12;16;16;17;16;16;16;17;20;17;16;16;16;15;15;15;15;15;15;14;23;23;24;21;20;23;20;21;21;22;21;22;21;21;21;21;21;21;21;21;21;21;23;22;22;21;21;22;21;21;23;22;25;20
4;4;5;6;5;5;5;5;4;4;4;4;4;4;4;4;4;5;4;6;3;0;0;0;0;0;0;0;1;3;13;14;13;13;13;13;13;13;13;14;13;13;13;13;13;13;14;14;14;14;13;13;13;14;11;12;11;11;13;13;11;10;12;12;11;11;11;12;13;16;14;14;15;15;14;14;17;17;17;19;17;18;18;18;18;18;19;18;19;18;18;16;16;16;16;16;17;17;17;17;13;13;15;21;12;22;15;15;17;17;15;16;18;12;16;16;17;16;16;16;17;20;17;16;16;16;15;15;15;15;15;15;14;23;23;24;21;20;23;20;21;21;22;21;22;21;21;21;21;21;21;21;21;21;21;23;22;22;21;21;22;21;21;23;22;25;20
4;4;5;6;5;5;5;5;4;4;4;4;4;4;4;4;4;5;4;6;3;0;0;0;0;0;0;0;1;3;13;14;13;13;13;13;13;13;13;14;13;13;13;13;13;13;14;14;14;14;13;13;13;14;11;12;11;11;13;13;11;10;12;12;11;11;11;12;13;16;14;14;15;15;14;14;17;17;17;19;17;18;18;18;18;18;19;18;19;18;18;16;16;16;16;16;17;17;17;17;13;13;15;21;12;22;15;15;17;17;15;16;18;12;16;16;17;16;16;16;17;20;17;16;16;16;15;15;15;15;15;15;14;23;23;24;21;20;23;20;21;21;22;21;22;21;21;21;21;21;21;21;21;21;21;23;22;22;21;21;22;21;21;23;22;25;20
4;4;5;6;5;5;5;5;4;4;4;4;4;4;4;4;4;5;4;6;3;0;0;0;0;0;0;0;1;3;13;14;13;13;13;13;13;13;13;14;13;13;13;13;13;13;14;14;14;14;13;13;13;14;11;12;11;11;13;13;11;10;12;12;11;11;11;12;13;16;14;14;15;15;14;14;17;17;17;19;17;18;18;18;18;18;19;18;19;18;18;16;16;16;16;16;17;17;17;17;13;13;15;21;12;22;15;15;17;17;15;16;18;12;16;16;17;16;16;16;17;20;17;16;16;16;15;15;15;15;15;15;14;23;23;24;21;20;23;20;21;21;22;21;22;21;21;21;21;21;21;21;21;21;21;23;22;22;21;21;22;21;21;23;22;25;20
5;5;6;7;6;6;6;6;5;5;5;5;5;5;5;5;5;6;5;7;4;1;1;1;1;1;1;1;0;4;14;15;14;14;14;14;14;14;14;15;14;14;14;14;14;14;15;15;15;15;14;14;14;15;12;13;12;12;14;14;12;11;13;13;12;12;12;13;14;17;15;15;16;16;15;15;18;18;18;20;18;19;19;19;19;19;20;19;20;19;19;17;17;17;17;17;18;18;18;18;14;14;16;22;13;23;16;16;18;18;16;17;19;13;17;17;18;17;17;17;18;21;18;17;17;17;16;16;16;16;16;16;15;24;24;25;22;21;24;21;22;22;23;22;23;22;22;22;22;22;22;22;22;22;22;24;23;23;22;22;23;22;22;24;23;26;21
4;4;5;6;5;5;5;5;6;4;4;4;4;4;4;4;4;5;4;6;2;3;3;3;3;3;3;3;4;0;12;13;12;12;12;12;12;12;12;13;12;12;12;12;12;12;13;13;13;13;12;12;12;13;11;12;11;11;13;13;11;10;12;12;11;11;11;12;13;16;14;14;15;15;14;14;17;17;17;19;17;18;18;18;18;18;19;18;19;18;18;16;16;16;16;16;17;17;17;17;13;13;15;21;12;22;13;13;16;16;13;15;17;12;16;16;17;16;16;16;17;20;17;16;16;16;15;15;15;15;15;15;14;22;22;23;20;19;22;20;21;21;22;21;22;21;21;21;21;21;21;21;21;21;21;23;22;22;21;21;22;21;21;23;22;25;22
14;12;13;14;13;13;13;13;14;12;12;12;12;12;12;12;12;12;12;14;10;13;13;13;13;13;13;13;14;12;0;1;0;0;0;0;0;0;0;1;0;1;1;1;1;1;2;2;2;1;0;0;0;1;5;6;8;8;10;10;8;7;7;5;4;6;6;7;8;13;7;7;8;8;7;7;12;12;12;12;9;10;11;11;10;11;12;11;12;11;11;9;9;9;9;9;10;10;10;10;10;10;11;15;14;21;12;12;18;18;16;18;15;15;12;12;13;12;12;12;12;15;12;12;12;12;14;13;13;13;13;13;14;19;19;20;18;19;18;19;20;20;21;19;21;20;20;20;20;20;18;18;18;18;18;20;19;19;18;18;19;18;18;18;17;20;19
15;13;14;15;14;14;14;14;15;13;13;13;13;13;13;13;13;13;13;15;11;14;14;14;14;14;14;14;15;13;1;0;1;1;1;1;1;1;1;2;1;2;2;2;2;2;3;3;3;2;1;1;1;2;6;7;9;9;11;11;9;8;8;6;5;7;7;8;9;14;8;8;9;9;8;8;13;13;13;13;10;11;12;12;11;12;13;12;13;12;12;10;10;10;10;10;11;11;11;11;11;11;12;16;15;22;13;13;19;19;17;19;16;16;13;13;14;13;13;13;13;16;13;13;13;13;15;14;14;14;14;14;15;20;20;21;19;20;19;20;21;19;20;20;22;21;21;21;21;21;17;17;17;17;17;19;18;18;17;17;18;17;17;19;18;21;20
14;12;13;14;13;13;13;13;14;12;12;12;12;12;12;12;12;12;12;14;10;13;13;13;13;13;13;13;14;12;0;1;0;0;0;0;0;0;0;1;0;1;1;1;1;1;2;2;2;1;0;0;0;1;5;6;8;8;10;10;8;7;7;5;4;6;6;7;8;13;7;7;8;8;7;7;12;12;12;12;9;10;11;11;10;11;12;11;12;11;11;9;9;9;9;9;10;10;10;10;10;10;11;15;14;21;12;12;18;18;16;18;15;15;12;12;13;12;12;12;12;15;12;12;12;12;14;13;13;13;13;13;14;19;19;20;18;19;18;19;20;20;21;19;21;20;20;20;20;20;18;18;18;18;18;20;19;19;18;18;19;18;18;18;17;20;19
14;12;13;14;13;13;13;13;14;12;12;12;12;12;12;12;12;12;12;14;10;13;13;13;13;13;13;13;14;12;0;1;0;0;0;0;0;0;0;1;0;1;1;1;1;1;2;2;2;1;0;0;0;1;5;6;8;8;10;10;8;7;7;5;4;6;6;7;8;13;7;7;8;8;7;7;12;12;12;12;9;10;11;11;10;11;12;11;12;11;11;9;9;9;9;9;10;10;10;10;10;10;11;15;14;21;12;12;18;18;16;18;15;15;12;12;13;12;12;12;12;15;12;12;12;12;14;13;13;13;13;13;14;19;19;20;18;19;18;19;20;20;21;19;21;20;20;20;20;20;18;18;18;18;18;20;19;19;18;18;19;18;18;18;17;20;19
14;12;13;14;13;13;13;13;14;12;12;12;12;12;12;12;12;12;12;14;10;13;13;13;13;13;13;13;14;12;0;1;0;0;0;0;0;0;0;1;0;1;1;1;1;1;2;2;2;1;0;0;0;1;5;6;8;8;10;10;8;7;7;5;4;6;6;7;8;13;7;7;8;8;7;7;12;12;12;12;9;10;11;11;10;11;12;11;12;11;11;9;9;9;9;9;10;10;10;10;10;10;11;15;14;21;12;12;18;18;16;18;15;15;12;12;13;12;12;12;12;15;12;12;12;12;14;13;13;13;13;13;14;19;19;20;18;19;18;19;20;20;21;19;21;20;20;20;20;20;18;18;18;18;18;20;19;19;18;18;19;18;18;18;17;20;19
14;12;13;14;13;13;13;13;14;12;12;12;12;12;12;12;12;12;12;14;10;13;13;13;13;13;13;13;14;12;0;1;0;0;0;0;0;0;0;1;0;1;1;1;1;1;2;2;2;1;0;0;0;1;5;6;8;8;10;10;8;7;7;5;4;6;6;7;8;13;7;7;8;8;7;7;12;12;12;12;9;10;11;11;10;11;12;11;12;11;11;9;9;9;9;9;10;10;10;10;10;10;11;15;14;21;12;12;18;18;16;18;15;15;12;12;13;12;12;12;12;15;12;12;12;12;14;13;13;13;13;13;14;19;19;20;18;19;18;19;20;20;21;19;21;20;20;20;20;20;18;18;18;18;18;20;19;19;18;18;19;18;18;18;17;20;19
14;12;13;14;13;13;13;13;14;12;12;12;12;12;12;12;12;12;12;14;10;13;13;13;13;13;13;13;14;12;0;1;0;0;0;0;0;0;0;1;0;1;1;1;1;1;2;2;2;1;0;0;0;1;5;6;8;8;10;10;8;7;7;5;4;6;6;7;8;13;7;7;8;8;7;7;12;12;12;12;9;10;11;11;10;11;12;11;12;11;11;9;9;9;9;9;10;10;10;10;10;10;11;15;14;21;12;12;18;18;16;18;15;15;12;12;13;12;12;12;12;15;12;12;12;12;14;13;13;13;13;13;14;19;19;20;18;19;18;19;20;20;21;19;21;20;20;20;20;20;18;18;18;18;18;20;19;19;18;18;19;18;18;18;17;20;19
14;12;13;14;13;13;13;13;14;12;12;12;12;12;12;12;12;12;12;14;10;13;13;13;13;13;13;13;14;12;0;1;0;0;0;0;0;0;0;1;0;1;1;1;1;1;2;2;2;1;0;0;0;1;5;6;8;8;10;10;8;7;7;5;4;6;6;7;8;13;7;7;8;8;7;7;12;12;12;12;9;10;11;11;10;11;12;11;12;11;11;9;9;9;9;9;10;10;10;10;10;10;11;15;14;21;12;12;18;18;16;18;15;15;12;12;13;12;12;12;12;15;12;12;12;12;14;13;13;13;13;13;14;19;19;20;18;19;18;19;20;20;21;19;21;20;20;20;20;20;18;18;18;18;18;20;19;19;18;18;19;18;18;18;17;20;19
14;12;13;14;13;13;13;13;14;12;12;12;12;12;12;12;12;12;12;14;10;13;13;13;13;13;13;13;14;12;0;1;0;0;0;0;0;0;0;1;0;1;1;1;1;1;2;2;2;1;0;0;0;1;5;6;8;8;10;10;8;7;7;5;4;6;6;7;8;13;7;7;8;8;7;7;12;12;12;12;9;10;11;11;10;11;12;11;12;11;11;9;9;9;9;9;10;10;10;10;10;10;11;15;14;21;12;12;18;18;16;18;15;15;12;12;13;12;12;12;12;15;12;12;12;12;14;13;13;13;13;13;14;19;19;20;18;19;18;19;20;20;21;19;21;20;20;20;20;20;18;18;18;18;18;20;19;19;18;18;19;18;18;18;17;20;19
15;13;14;15;14;14;14;14;15;13;13;13;13;13;13;13;13;13;13;15;11;14;14;14;14;14;14;14;15;13;1;2;1;1;1;1;1;1;1;0;1;2;2;2;2;2;3;3;3;2;1;1;1;2;6;7;9;9;11;11;9;8;8;6;5;7;7;8;9;14;8;8;9;9;8;8;11;11;12;11;8;9;10;10;9;10;11;10;11;10;10;10;10;10;10;10;11;11;11;11;11;11;12;14;13;21;11;11;17;17;15;17;14;14;13;13;14;13;13;13;13;16;13;13;13;13;15;14;14;14;14;14;15;18;18;19;19;18;17;20;21;21;22;20;22;21;21;21;21;21;17;17;17;17;17;19;18;18;17;17;18;17;17;17;18;21;20
14;12;13;14;13;13;13;13;14;12;12;12;12;12;12;12;12;12;12;14;10;13;13;13;13;13;13;13;14;12;0;1;0;0;0;0;0;0;0;1;0;1;1;1;1;1;2;2;2;1;0;0;0;1;5;6;8;8;10;10;8;7;7;5;4;6;6;7;8;13;7;7;8;8;7;7;12;12;12;12;9;10;11;11;10;11;12;11;12;11;11;9;9;9;9;9;10;10;10;10;10;10;11;15;14;21;12;12;18;18;16;18;15;15;12;12;13;12;12;12;12;15;12;12;12;12;14;13;13;13;13;13;14;19;19;20;18;19;18;19;20;20;21;19;21;20;20;20;20;20;18;18;18;18;18;20;19;19;18;18;19;18;18;18;17;20;19
14;12;13;14;13;13;13;13;14;12;12;12;12;12;12;12;12;12;12;14;10;13;13;13;13;13;13;13;14;12;1;2;1;1;1;1;1;1;1;2;1;0;0;0;0;0;1;1;1;2;1;1;1;2;5;6;8;8;10;10;8;7;7;5;4;6;6;7;8;13;8;8;9;9;8;8;13;13;13;13;10;11;12;12;11;12;13;12;13;12;12;10;10;10;10;10;11;11;11;11;10;10;12;16;13;21;12;12;18;18;16;18;15;15;13;13;14;13;13;13;13;16;13;13;13;13;15;14;14;14;14;14;14;19;19;20;18;19;18;19;20;20;21;19;21;20;20;20;20;20;18;18;18;18;18;20;19;19;18;18;19;18;18;19;18;21;20
14;12;13;14;13;13;13;13;14;12;12;12;12;12;12;12;12;12;12;14;10;13;13;13;13;13;13;13;14;12;1;2;1;1;1;1;1;1;1;2;1;0;0;0;0;0;1;1;1;2;1;1;1;2;5;6;8;8;10;10;8;7;7;5;4;6;6;7;8;13;8;8;9;9;8;8;13;13;13;13;10;11;12;12;11;12;13;12;13;12;12;10;10;10;10;10;11;11;11;11;10;10;12;16;13;21;12;12;18;18;16;18;15;15;13;13;14;13;13;13;13;16;13;13;13;13;15;14;14;14;14;14;14;19;19;20;18;19;18;19;20;20;21;19;21;20;20;20;20;20;18;18;18;18;18;20;19;19;18;18;19;18;18;19;18;21;20
14;12;13;14;13;13;13;13;14;12;12;12;12;12;12;12;12;12;12;14;10;13;13;13;13;13;13;13;14;12;1;2;1;1;1;1;1;1;1;2;1;0;0;0;0;0;1;1;1;2;1;1;1;2;5;6;8;8;10;10;8;7;7;5;4;6;6;7;8;13;8;8;9;9;8;8;13;13;13;13;10;11;12;12;11;12;13;12;13;12;12;10;10;10;10;10;11;11;11;11;10;10;12;16;13;21;12;12;18;18;16;18;15;15;13;13;14;13;13;13;13;16;13;13;13;13;15;14;14;14;14;14;14;19;19;20;18;19;18;19;20;20;21;19;21;20;20;20;20;20;18;18;18;18;18;20;19;19;18;18;19;18;18;19;18;21;20
14;12;13;14;13;13;13;13;14;12;12;12;12;12;12;12;12;12;12;14;10;13;13;13;13;13;13;13;14;12;1;2;1;1;1;1;1;1;1;2;1;0;0;0;0;0;1;1;1;2;1;1;1;2;5;6;8;8;10;10;8;7;7;5;4;6;6;7;8;13;8;8;9;9;8;8;13;13;13;13;10;11;12;12;11;12;13;12;13;12;12;10;10;10;10;10;11;11;11;11;10;10;12;16;13;21;12;12;18;18;16;18;15;15;13;13;14;13;13;13;13;16;13;13;13;13;15;14;14;14;14;14;14;19;19;20;18;19;18;19;20;20;21;19;21;20;20;20;20;20;18;18;18;18;18;20;19;19;18;18;19;18;18;19;18;21;20
14;12;13;14;13;13;13;13;14;12;12;12;12;12;12;12;12;12;12;14;10;13;13;13;13;13;13;13;14;12;1;2;1;1;1;1;1;1;1;2;1;0;0;0;0;0;1;1;1;2;1;1;1;2;5;6;8;8;10;10;8;7;7;5;4;6;6;7;8;13;8;8;9;9;8;8;13;13;13;13;10;11;12;12;11;12;13;12;13;12;12;10;10;10;10;10;11;11;11;11;10;10;12;16;13;21;12;12;18;18;16;18;15;15;13;13;14;13;13;13;13;16;13;13;13;13;15;14;14;14;14;14;14;19;19;20;18;19;18;19;20;20;21;19;21;20;20;20;20;20;18;18;18;18;18;20;19;19;18;18;19;18;18;19;18;21;20
15;13;14;15;14;14;14;14;15;13;13;13;13;13;13;13;13;13;13;15;11;14;14;14;14;14;14;14;15;13;2;3;2;2;2;2;2;2;2;3;2;1;1;1;1;1;0;0;2;3;2;2;2;3;6;7;9;9;11;11;9;8;6;6;5;7;7;8;9;13;9;9;10;10;9;9;14;14;14;14;11;12;13;13;12;13;14;13;14;13;13;11;11;11;11;11;12;12;12;12;11;11;13;17;14;21;13;13;19;19;17;19;16;15;14;14;15;14;14;14;14;17;14;14;14;14;16;15;15;15;15;15;15;19;19;20;18;19;18;18;19;19;20;18;20;19;19;19;19;19;17;17;17;17;17;19;18;18;17;17;18;17;17;18;18;20;21
15;13;14;15;14;14;14;14;15;13;13;13;13;13;13;13;13;13;13;15;11;14;14;14;14;14;14;14;15;13;2;3;2;2;2;2;2;2;2;3;2;1;1;1;1;1;0;0;2;3;2;2;2;3;6;7;9;9;11;11;9;8;6;6;5;7;7;8;9;13;9;9;10;10;9;9;14;14;14;14;11;12;13;13;12;13;14;13;14;13;13;11;11;11;11;11;12;12;12;12;11;11;13;17;14;21;13;13;19;19;17;19;16;15;14;14;15;14;14;14;14;17;14;14;14;14;16;15;15;15;15;15;15;19;19;20;18;19;18;18;19;19;20;18;20;19;19;19;19;19;17;17;17;17;17;19;18;18;17;17;18;17;17;18;18;20;21
15;13;14;15;14;14;14;14;15;13;13;13;13;13;13;13;13;13;13;15;11;14;14;14;14;14;14;14;15;13;2;3;2;2;2;2;2;2;2;3;2;1;1;1;1;1;2;2;0;1;2;2;2;3;6;7;9;9;11;11;9;8;8;6;5;7;7;8;9;12;9;9;10;10;9;9;12;12;12;12;11;12;13;13;12;13;14;13;14;13;13;11;11;11;11;11;12;12;12;12;11;11;13;15;14;22;13;13;19;19;17;19;16;16;13;13;14;13;13;13;13;16;13;13;13;13;15;14;14;14;14;14;14;19;19;20;18;19;18;20;21;21;22;20;22;21;21;21;21;19;19;19;19;19;19;21;20;20;19;19;20;19;19;20;19;20;21
15;13;14;15;14;14;14;14;15;13;13;13;13;13;13;13;13;13;13;15;11;14;14;14;14;14;14;14;15;13;1;2;1;1;1;1;1;1;1;2;1;2;2;2;2;2;3;3;1;0;1;1;1;2;6;7;9;9;11;11;9;8;8;6;5;7;7;8;9;12;8;8;9;9;8;8;11;11;11;11;10;11;12;12;11;12;13;12;13;12;12;10;10;10;10;10;11;11;11;11;11;11;12;14;15;22;13;13;19;19;17;19;16;16;12;12;13;12;12;12;12;15;12;12;12;12;14;13;13;13;13;13;14;19;19;20;18;19;18;20;21;21;22;20;22;21;21;21;21;19;19;19;19;19;19;21;20;20;19;19;20;19;19;19;18;19;20
14;12;13;14;13;13;13;13;14;12;12;12;12;12;12;12;12;12;12;14;10;13;13;13;13;13;13;13;14;12;0;1;0;0;0;0;0;0;0;1;0;1;1;1;1;1;2;2;2;1;0;0;0;1;5;6;8;8;10;10;8;7;7;5;4;6;6;7;8;13;7;7;8;8;7;7;12;12;12;12;9;10;11;11;10;11;12;11;12;11;11;9;9;9;9;9;10;10;10;10;10;10;11;15;14;21;12;12;18;18;16;18;15;15;12;12;13;12;12;12;12;15;12;12;12;12;14;13;13;13;13;13;14;19;19;20;18;19;18;19;20;20;21;19;21;20;20;20;20;20;18;18;18;18;18;20;19;19;18;18;19;18;18;18;17;20;19
14;12;13;14;13;13;13;13;14;12;12;12;12;12;12;12;12;12;12;14;10;13;13;13;13;13;13;13;14;12;0;1;0;0;0;0;0;0;0;1;0;1;1;1;1;1;2;2;2;1;0;0;0;1;5;6;8;8;10;10;8;7;7;5;4;6;6;7;8;13;7;7;8;8;7;7;12;12;12;12;9;10;11;11;10;11;12;11;12;11;11;9;9;9;9;9;10;10;10;10;10;10;11;15;14;21;12;12;18;18;16;18;15;15;12;12;13;12;12;12;12;15;12;12;12;12;14;13;13;13;13;13;14;19;19;20;18;19;18;19;20;20;21;19;21;20;20;20;20;20;18;18;18;18;18;20;19;19;18;18;19;18;18;18;17;20;19
14;12;13;14;13;13;13;13;14;12;12;12;12;12;12;12;12;12;12;14;10;13;13;13;13;13;13;13;14;12;0;1;0;0;0;0;0;0;0;1;0;1;1;1;1;1;2;2;2;1;0;0;0;1;5;6;8;8;10;10;8;7;7;5;4;6;6;7;8;13;7;7;8;8;7;7;12;12;12;12;9;10;11;11;10;11;12;11;12;11;11;9;9;9;9;9;10;10;10;10;10;10;11;15;14;21;12;12;18;18;16;18;15;15;12;12;13;12;12;12;12;15;12;12;12;12;14;13;13;13;13;13;14;19;19;20;18;19;18;19;20;20;21;19;21;20;20;20;20;20;18;18;18;18;18;20;19;19;18;18;19;18;18;18;17;20;19
15;13;12;13;12;12;12;12;13;13;13;13;13;13;13;13;13;13;13;13;11;14;14;14;14;14;14;14;15;13;1;2;1;1;1;1;1;1;1;2;1;2;2;2;2;2;3;3;3;2;1;1;1;0;4;5;9;9;11;11;9;8;8;6;5;7;7;8;9;13;7;7;8;8;7;7;12;12;12;12;9;10;11;11;10;11;12;11;12;11;11;9;9;9;9;9;10;10;10;10;10;10;12;15;14;21;13;13;19;19;17;19;14;15;12;12;13;12;12;12;12;15;12;12;12;12;14;13;13;13;13;13;14;19;19;20;18;19;18;19;20;20;21;19;21;20;20;20;20;20;17;17;17;17;17;19;18;18;17;17;18;17;17;17;16;20;19
12;10;9;10;9;9;9;9;10;10;10;10;10;10;10;10;10;10;10;10;9;11;11;11;11;11;11;11;12;11;5;6;5;5;5;5;5;5;5;6;5;5;5;5;5;5;6;6;6;6;5;5;5;4;0;1;9;9;11;11;9;8;8;6;5;7;7;8;9;12;10;10;11;11;10;10;13;13;13;13;12;13;12;13;13;13;14;13;14;13;13;12;12;12;12;12;13;13;13;13;10;10;13;17;12;19;13;13;18;18;17;18;13;12;13;13;14;13;13;13;13;16;13;13;13;13;15;14;14;14;14;14;13;20;20;21;19;17;19;17;18;18;19;17;19;18;18;18;18;18;17;17;17;17;17;19;18;18;17;17;18;17;17;19;18;22;19
13;11;10;11;10;10;10;10;11;11;11;11;11;11;11;11;11;11;11;11;10;12;12;12;12;12;12;12;13;12;6;7;6;6;6;6;6;6;6;7;6;6;6;6;6;6;7;7;7;7;6;6;6;5;1;0;9;9;11;11;9;9;9;7;6;8;8;9;10;13;11;11;12;12;11;11;14;14;14;14;13;14;13;14;14;14;15;14;15;14;14;13;13;13;13;13;14;14;14;14;11;11;14;18;13;20;14;14;19;19;18;19;14;13;14;14;15;14;14;14;14;17;14;14;14;14;16;15;15;15;15;15;14;19;19;20;18;18;20;18;19;19;20;18;20;19;19;19;19;19;18;18;18;18;18;20;19;19;18;18;19;18;18;20;19;23;20
12;10;8;9;8;8;8;8;9;7;7;7;7;7;7;7;8;7;7;9;9;11;11;11;11;11;11;11;12;11;8;9;8;8;8;8;8;8;8;9;8;8;8;8;8;8;9;9;9;9;8;8;8;9;9;9;0;0;2;2;0;1;5;5;4;2;2;3;4;11;7;7;8;8;7;7;12;12;12;14;13;14;15;15;14;12;13;12;13;14;14;9;9;9;9;9;10;10;10;10;6;6;9;14;10;20;13;13;14;14;13;14;14;14;11;11;12;11;11;11;12;15;12;11;11;11;12;10;11;10;10;10;9;19;19;20;18;16;17;16;17;17;18;17;18;17;17;17;17;17;15;15;15;15;15;17;16;16;15;15;16;15;15;17;18;18;17
12;10;8;9;8;8;8;8;9;7;7;7;7;7;7;7;8;7;7;9;9;11;11;11;11;11;11;11;12;11;8;9;8;8;8;8;8;8;8;9;8;8;8;8;8;8;9;9;9;9;8;8;8;9;9;9;0;0;2;2;0;1;5;5;4;2;2;3;4;11;7;7;8;8;7;7;12;12;12;14;13;14;15;15;14;12;13;12;13;14;14;9;9;9;9;9;10;10;10;10;6;6;9;14;10;20;13;13;14;14;13;14;14;14;11;11;12;11;11;11;12;15;12;11;11;11;12;10;11;10;10;10;9;19;19;20;18;16;17;16;17;17;18;17;18;17;17;17;17;17;15;15;15;15;15;17;16;16;15;15;16;15;15;17;18;18;17
14;12;10;11;10;10;10;10;11;9;9;9;9;9;9;9;10;9;9;11;11;13;13;13;13;13;13;13;14;13;10;11;10;10;10;10;10;10;10;11;10;10;10;10;10;10;11;11;11;11;10;10;10;11;11;11;2;2;0;0;2;3;7;7;6;4;4;5;6;13;7;7;8;8;7;7;12;12;12;14;15;14;15;15;14;12;13;12;13;14;14;9;9;9;9;9;10;10;10;10;6;6;9;14;10;19;13;13;14;14;13;14;14;14;11;11;12;11;11;11;12;15;12;11;11;11;12;10;11;10;10;10;9;19;19;20;18;18;19;18;19;19;20;19;20;19;19;19;19;19;17;17;17;17;17;19;18;18;17;17;18;17;17;19;20;20;19
14;12;10;11;10;10;10;10;11;9;9;9;9;9;9;9;10;9;9;11;11;13;13;13;13;13;13;13;14;13;10;11;10;10;10;10;10;10;10;11;10;10;10;10;10;10;11;11;11;11;10;10;10;11;11;11;2;2;0;0;2;3;7;7;6;4;4;5;6;13;7;7;8;8;7;7;12;12;12;14;15;14;15;15;14;12;13;12;13;14;14;9;9;9;9;9;10;10;10;10;6;6;9;14;10;19;13;13;14;14;13;14;14;14;11;11;12;11;11;11;12;15;12;11;11;11;12;10;11;10;10;10;9;19;19;20;18;18;19;18;19;19;20;19;20;19;19;19;19;19;17;17;17;17;17;19;18;18;17;17;18;17;17;19;20;20;19
12;10;8;9;8;8;8;8;9;7;7;7;7;7;7;7;8;7;7;9;9;11;11;11;11;11;11;11;12;11;8;9;8;8;8;8;8;8;8;9;8;8;8;8;8;8;9;9;9;9;8;8;8;9;9;9;0;0;2;2;0;1;5;5;4;2;2;3;4;11;7;7;8;8;7;7;12;12;12;14;13;14;15;15;14;12;13;12;13;14;14;9;9;9;9;9;10;10;10;10;6;6;9;14;10;20;13;13;14;14;13;14;14;14;11;11;12;11;11;11;12;15;12;11;11;11;12;10;11;10;10;10;9;19;19;20;18;16;17;16;17;17;18;17;18;17;17;17;17;17;15;15;15;15;15;17;16;16;15;15;16;15;15;17;18;18;17
11;9;7;8;7;7;7;7;8;6;6;6;6;6;6;6;7;6;6;8;8;10;10;10;10;10;10;10;11;10;7;8;7;7;7;7;7;7;7;8;7;7;7;7;7;7;8;8;8;8;7;7;7;8;8;9;1;1;3;3;1;0;4;4;3;1;1;2;3;10;6;6;7;7;6;6;11;11;11;13;12;13;14;14;13;11;12;11;12;13;13;8;8;8;8;8;9;9;9;9;5;5;8;13;9;19;12;12;13;13;12;13;13;13;10;10;11;10;10;10;11;14;11;10;10;10;11;9;10;9;9;9;8;19;19;20;18;15;16;15;16;16;17;16;17;16;16;16;16;16;14;14;14;14;14;16;15;15;14;14;15;14;14;16;17;17;16
13;11;11;12;11;11;11;11;12;10;10;10;10;10;10;10;11;10;10;12;10;12;12;12;12;12;12;12;13;12;7;8;7;7;7;7;7;7;7;8;7;7;7;7;7;7;6;6;8;8;7;7;7;8;8;9;5;5;7;7;5;4;0;4;3;3;3;4;5;9;8;8;9;9;8;8;13;13;13;15;10;11;12;12;11;11;12;11;12;11;11;10;10;10;10;10;11;11;11;11;7;7;10;15;13;18;14;14;16;15;14;16;13;14;14;14;15;14;14;14;14;17;14;14;14;14;15;13;14;13;13;13;12;18;18;19;17;16;16;15;16;16;17;16;17;16;16;16;16;16;14;14;14;14;14;16;15;15;14;14;15;14;14;16;15;15;18
13;11;11;12;11;11;11;11;12;10;10;10;10;10;10;10;11;10;10;12;10;12;12;12;12;12;12;12;13;12;5;6;5;5;5;5;5;5;5;6;5;5;5;5;5;5;6;6;6;6;5;5;5;6;6;7;5;5;7;7;5;4;4;0;1;3;3;4;5;10;8;8;9;9;8;8;13;13;13;15;12;13;14;14;13;11;12;11;12;11;11;10;10;10;10;10;11;11;11;11;7;7;10;14;13;19;14;14;17;17;16;17;15;13;12;12;13;12;12;12;12;15;12;12;12;12;15;13;14;13;13;13;12;19;19;20;18;17;17;17;18;18;19;17;19;18;18;18;18;18;16;16;16;16;16;18;17;17;16;16;17;16;16;18;17;19;18
12;10;10;11;10;10;10;10;11;9;9;9;9;9;9;9;10;9;9;11;9;11;11;11;11;11;11;11;12;11;4;5;4;4;4;4;4;4;4;5;4;4;4;4;4;4;5;5;5;5;4;4;4;5;5;6;4;4;6;6;4;3;3;1;0;2;2;3;4;9;7;7;8;8;7;7;12;12;12;14;11;12;13;13;12;10;11;10;11;10;10;9;9;9;9;9;10;10;10;10;6;6;9;13;12;18;13;13;16;16;15;16;14;12;11;11;12;11;11;11;11;14;11;11;11;11;14;12;13;12;12;12;11;18;18;19;17;16;16;16;17;17;18;16;18;17;17;17;17;17;15;15;15;15;15;17;16;16;15;15;16;15;15;17;16;18;17
12;10;8;9;8;8;8;8;9;7;7;7;7;7;7;7;8;7;7;9;9;11;11;11;11;11;11;11;12;11;6;7;6;6;6;6;6;6;6;7;6;6;6;6;6;6;7;7;7;7;6;6;6;7;7;8;2;2;4;4;2;1;3;3;2;0;0;1;2;9;5;5;6;6;5;5;10;10;10;12;11;12;13;13;12;10;11;10;11;12;12;7;7;7;7;7;8;8;8;8;4;4;7;12;10;18;11;11;14;14;13;14;12;14;11;11;12;11;11;11;11;14;11;11;11;11;12;10;11;10;10;10;9;18;18;19;17;14;15;14;15;15;16;15;16;15;15;15;15;15;13;13;13;13;13;15;14;14;13;13;14;13;13;15;16;16;15
12;10;8;9;8;8;8;8;9;7;7;7;7;7;7;7;8;7;7;9;9;11;11;11;11;11;11;11;12;11;6;7;6;6;6;6;6;6;6;7;6;6;6;6;6;6;7;7;7;7;6;6;6;7;7;8;2;2;4;4;2;1;3;3;2;0;0;1;2;9;5;5;6;6;5;5;10;10;10;12;11;12;13;13;12;10;11;10;11;12;12;7;7;7;7;7;8;8;8;8;4;4;7;12;10;18;11;11;14;14;13;14;12;14;11;11;12;11;11;11;11;14;11;11;11;11;12;10;11;10;10;10;9;18;18;19;17;14;15;14;15;15;16;15;16;15;15;15;15;15;13;13;13;13;13;15;14;14;13;13;14;13;13;15;16;16;15
13;11;9;10;9;9;9;9;10;8;8;8;8;8;8;8;9;8;8;10;10;12;12;12;12;12;12;12;13;12;7;8;7;7;7;7;7;7;7;8;7;7;7;7;7;7;8;8;8;8;7;7;7;8;8;9;3;3;5;5;3;2;4;4;3;1;1;0;3;10;6;6;7;7;6;6;11;11;11;13;12;13;14;14;13;11;12;11;12;13;13;8;8;8;8;8;9;9;9;9;5;5;8;13;11;19;12;12;15;15;14;15;13;15;12;12;13;12;12;12;12;15;12;12;12;12;13;11;12;11;11;11;10;19;19;20;18;15;16;15;16;16;17;16;17;16;16;16;16;16;14;14;14;14;14;16;15;15;14;14;15;14;14;16;17;17;16
12;12;10;11;10;10;10;10;11;9;9;9;9;9;9;9;10;9;9;11;11;13;13;13;13;13;13;13;14;13;8;9;8;8;8;8;8;8;8;9;8;8;8;8;8;8;9;9;9;9;8;8;8;9;9;10;4;4;6;6;4;3;5;5;4;2;2;3;0;10;7;7;8;8;7;7;12;12;12;14;13;14;15;15;14;12;13;12;13;14;14;9;9;9;9;9;10;10;10;10;6;6;8;14;12;19;13;13;16;16;15;16;14;15;13;13;14;13;13;13;13;16;13;13;13;13;14;12;13;12;12;12;11;20;20;21;19;16;17;14;15;15;16;15;16;16;16;16;16;17;15;15;15;15;15;17;16;16;15;15;16;15;15;15;18;16;16
17;15;14;15;14;14;14;14;15;14;14;14;14;14;14;14;15;14;14;15;14;16;16;16;16;16;16;16;17;16;13;14;13;13;13;13;13;13;13;14;13;13;13;13;13;13;13;13;12;12;13;13;13;13;12;13;11;11;13;13;11;10;9;10;9;9;9;10;10;0;12;12;14;13;12;12;13;13;13;15;16;17;17;16;17;18;19;18;19;18;18;13;13;13;13;13;14;14;14;14;10;10;13;17;15;18;19;19;20;20;21;22;19;16;17;17;18;17;17;17;17;20;17;17;17;17;18;16;17;16;16;16;15;21;21;22;20;18;19;18;19;19;20;19;20;19;19;19;19;18;19;19;19;19;19;21;20;20;19;19;20;19;19;20;20;19;19
15;13;10;11;10;10;10;10;11;10;10;10;10;10;10;10;11;10;10;11;12;14;14;14;14;14;14;14;15;14;7;8;7;7;7;7;7;7;7;8;7;8;8;8;8;8;9;9;9;8;7;7;7;7;10;11;7;7;7;7;7;6;8;8;7;5;5;6;7;12;0;0;2;1;0;0;5;5;5;7;9;8;9;9;8;8;9;8;9;10;10;2;2;2;2;2;3;3;3;3;4;4;7;11;8;17;12;12;15;15;14;15;12;14;9;9;10;9;9;9;9;12;9;9;9;9;10;8;9;8;8;8;9;19;19;20;18;17;15;17;18;18;19;18;19;18;18;18;18;18;16;16;16;16;16;18;17;17;16;16;17;16;16;16;17;17;16
15;13;10;11;10;10;10;10;11;10;10;10;10;10;10;10;11;10;10;11;12;14;14;14;14;14;14;14;15;14;7;8;7;7;7;7;7;7;7;8;7;8;8;8;8;8;9;9;9;8;7;7;7;7;10;11;7;7;7;7;7;6;8;8;7;5;5;6;7;12;0;0;2;1;0;0;5;5;5;7;9;8;9;9;8;8;9;8;9;10;10;2;2;2;2;2;3;3;3;3;4;4;7;11;8;17;12;12;15;15;14;15;12;14;9;9;10;9;9;9;9;12;9;9;9;9;10;8;9;8;8;8;9;19;19;20;18;17;15;17;18;18;19;18;19;18;18;18;18;18;16;16;16;16;16;18;17;17;16;16;17;16;16;16;17;17;16
16;14;11;12;11;11;11;11;12;11;11;11;11;11;11;11;12;11;11;12;13;15;15;15;15;15;15;15;16;15;8;9;8;8;8;8;8;8;8;9;8;9;9;9;9;9;10;10;10;9;8;8;8;8;11;12;8;8;8;8;8;7;9;9;8;6;6;7;8;14;2;2;0;1;2;2;7;7;7;9;9;8;9;9;8;7;8;7;8;9;9;4;4;4;4;4;5;5;5;5;6;6;8;11;10;19;13;13;16;16;15;16;13;15;9;9;10;9;9;9;9;12;9;9;9;9;10;8;9;8;8;8;9;20;20;21;19;17;16;18;19;19;20;19;20;19;19;19;19;19;17;17;17;17;17;19;18;18;17;17;18;17;17;17;18;18;17
16;14;11;12;11;11;11;11;12;11;11;11;11;11;11;11;12;11;11;12;13;15;15;15;15;15;15;15;16;15;8;9;8;8;8;8;8;8;8;9;8;9;9;9;9;9;10;10;10;9;8;8;8;8;11;12;8;8;8;8;8;7;9;9;8;6;6;7;8;13;1;1;1;0;1;1;6;6;6;8;8;7;8;8;7;7;8;7;8;9;9;3;3;3;3;3;4;4;4;4;5;5;8;12;9;18;13;13;16;16;15;16;13;15;10;10;11;10;10;10;10;13;10;10;10;10;11;9;10;9;9;9;10;20;20;21;19;18;16;18;19;19;20;19;20;19;19;19;19;19;17;17;17;17;17;19;18;18;17;17;18;17;17;17;18;18;17
15;13;10;11;10;10;10;10;11;10;10;10;10;10;10;10;11;10;10;11;12;14;14;14;14;14;14;14;15;14;7;8;7;7;7;7;7;7;7;8;7;8;8;8;8;8;9;9;9;8;7;7;7;7;10;11;7;7;7;7;7;6;8;8;7;5;5;6;7;12;0;0;2;1;0;0;5;5;5;7;9;8;9;9;8;8;9;8;9;10;10;2;2;2;2;2;3;3;3;3;4;4;7;11;8;17;12;12;15;15;14;15;12;14;9;9;10;9;9;9;9;12;9;9;9;9;10;8;9;8;8;8;9;19;19;20;18;17;15;17;18;18;19;18;19;18;18;18;18;18;16;16;16;16;16;18;17;17;16;16;17;16;16;16;17;17;16
15;13;10;11;10;10;10;10;11;10;10;10;10;10;10;10;11;10;10;11;12;14;14;14;14;14;14;14;15;14;7;8;7;7;7;7;7;7;7;8;7;8;8;8;8;8;9;9;9;8;7;7;7;7;10;11;7;7;7;7;7;6;8;8;7;5;5;6;7;12;0;0;2;1;0;0;5;5;5;7;9;8;9;9;8;8;9;8;9;10;10;2;2;2;2;2;3;3;3;3;4;4;7;11;8;17;12;12;15;15;14;15;12;14;9;9;10;9;9;9;9;12;9;9;9;9;10;8;9;8;8;8;9;19;19;20;18;17;15;17;18;18;19;18;19;18;18;18;18;18;16;16;16;16;16;18;17;17;16;16;17;16;16;16;17;17;16
18;16;13;14;13;13;13;13;14;13;13;13;13;13;13;13;14;13;13;14;15;17;17;17;17;17;17;17;18;17;12;13;12;12;12;12;12;12;12;11;12;13;13;13;13;13;14;14;12;11;12;12;12;12;13;14;12;12;12;12;12;11;13;13;12;10;10;11;12;13;5;5;7;6;5;5;0;0;1;2;12;11;10;11;11;11;12;11;12;13;13;7;7;7;7;7;8;8;8;8;9;9;11;12;9;19;15;15;18;18;17;18;15;15;13;13;14;13;13;13;13;16;13;13;13;13;14;12;13;12;12;12;13;21;21;22;22;17;17;20;21;21;22;21;22;21;21;21;21;19;19;19;19;19;19;21;20;20;19;19;20;19;19;19;22;20;19
18;16;13;14;13;13;13;13;14;13;13;13;13;13;13;13;14;13;13;14;15;17;17;17;17;17;17;17;18;17;12;13;12;12;12;12;12;12;12;11;12;13;13;13;13;13;14;14;12;11;12;12;12;12;13;14;12;12;12;12;12;11;13;13;12;10;10;11;12;13;5;5;7;6;5;5;0;0;1;2;12;11;10;11;11;11;12;11;12;13;13;7;7;7;7;7;8;8;8;8;9;9;11;12;9;19;15;15;18;18;17;18;15;15;13;13;14;13;13;13;13;16;13;13;13;13;14;12;13;12;12;12;13;21;21;22;22;17;17;20;21;21;22;21;22;21;21;21;21;19;19;19;19;19;19;21;20;20;19;19;20;19;19;19;22;20;19
18;16;13;14;13;13;13;13;14;13;13;13;13;13;13;13;14;13;13;14;15;17;17;17;17;17;17;17;18;17;12;13;12;12;12;12;12;12;12;12;12;13;13;13;13;13;14;14;12;11;12;12;12;12;13;14;12;12;12;12;12;11;13;13;12;10;10;11;12;13;5;5;7;6;5;5;1;1;0;3;13;12;11;12;12;12;13;12;13;14;14;7;7;7;7;7;8;8;8;8;9;9;11;13;10;19;16;16;19;19;18;19;16;16;13;13;14;13;13;13;13;16;13;13;13;13;14;12;13;12;12;12;13;22;22;23;22;18;18;20;21;21;22;21;22;21;21;21;21;19;20;20;20;20;20;22;21;21;20;20;21;20;20;20;22;20;19
20;18;15;16;15;15;15;15;16;15;15;15;15;15;15;15;16;15;15;16;17;19;19;19;19;19;19;19;20;19;12;13;12;12;12;12;12;12;12;11;12;13;13;13;13;13;14;14;12;11;12;12;12;12;13;14;14;14;14;14;14;13;15;15;14;12;12;13;14;15;7;7;9;8;7;7;2;2;3;0;12;11;10;11;11;13;14;13;14;15;15;9;9;9;9;9;10;10;10;10;11;11;13;14;9;20;14;14;19;19;18;19;15;17;15;15;16;15;15;15;15;18;15;15;15;15;16;14;15;14;14;14;15;23;23;24;24;19;19;22;23;23;24;23;24;23;23;23;23;21;21;21;21;21;21;23;22;22;21;21;22;21;21;21;24;22;21
18;16;15;16;15;15;15;15;16;15;15;15;15;15;15;15;16;16;15;16;15;17;17;17;17;17;17;17;18;17;9;10;9;9;9;9;9;9;9;8;9;10;10;10;10;10;11;11;11;10;9;9;9;9;12;13;13;13;15;15;13;12;10;12;11;11;11;12;13;16;9;9;9;8;9;9;12;12;13;12;0;1;3;2;1;7;8;7;8;7;7;11;11;11;11;11;12;12;12;12;12;12;15;16;13;22;16;16;20;19;18;20;14;17;17;17;18;17;17;17;17;20;17;17;17;17;18;16;17;16;16;16;17;21;21;22;21;21;19;23;22;24;25;24;25;24;24;24;24;24;20;20;20;20;20;22;21;21;20;20;21;20;20;20;20;21;22
19;17;16;17;16;16;16;16;17;16;16;16;16;16;16;16;17;17;16;17;16;18;18;18;18;18;18;18;19;18;10;11;10;10;10;10;10;10;10;9;10;11;11;11;11;11;12;12;12;11;10;10;10;10;13;14;14;14;14;14;14;13;11;13;12;12;12;13;14;17;8;8;8;7;8;8;11;11;12;11;1;0;2;1;0;6;7;6;7;6;6;10;10;10;10;10;11;11;11;11;11;11;14;15;12;21;15;15;19;18;17;19;13;16;16;16;17;16;16;16;16;19;16;16;16;16;17;15;16;15;15;15;16;22;22;23;22;22;20;24;23;25;26;25;26;25;25;25;25;25;21;21;21;21;21;23;22;22;21;21;22;21;21;21;21;22;23
19;17;16;17;16;16;16;16;17;16;16;16;16;16;16;16;17;16;16;17;16;18;18;18;18;18;18;18;19;18;11;12;11;11;11;11;11;11;11;10;11;12;12;12;12;12;13;13;13;12;11;11;11;11;12;13;15;15;15;15;15;14;12;14;13;13;13;14;15;17;9;9;9;8;9;9;10;10;11;10;3;2;0;2;2;8;9;8;9;8;8;11;11;11;11;11;12;12;12;12;12;12;14;16;12;19;16;16;20;19;18;20;13;16;17;17;18;17;17;17;17;20;17;17;17;17;18;16;17;16;16;16;17;22;22;23;24;21;21;23;22;24;25;24;25;24;24;24;24;24;22;22;22;22;22;24;23;23;22;22;23;22;22;22;22;23;22
19;17;16;17;16;16;16;16;17;16;16;16;16;16;16;16;17;17;16;17;16;18;18;18;18;18;18;18;19;18;11;12;11;11;11;11;11;11;11;10;11;12;12;12;12;12;13;13;13;12;11;11;11;11;13;14;15;15;15;15;15;14;12;14;13;13;13;14;15;16;9;9;9;8;9;9;11;11;12;11;2;1;2;0;1;7;8;7;8;7;7;11;11;11;11;11;12;12;12;12;12;12;14;16;12;21;16;16;20;19;18;20;14;16;17;17;18;17;17;17;17;20;17;17;17;17;18;16;17;16;16;16;17;23;23;24;23;22;21;24;23;25;26;25;26;25;25;25;25;25;22;22;22;22;22;24;23;23;22;22;23;22;22;22;22;23;23
19;17;16;17;16;16;16;16;17;16;16;16;16;16;16;16;17;17;16;17;16;18;18;18;18;18;18;18;19;18;10;11;10;10;10;10;10;10;10;9;10;11;11;11;11;11;12;12;12;11;10;10;10;10;13;14;14;14;14;14;14;13;11;13;12;12;12;13;14;17;8;8;8;7;8;8;11;11;12;11;1;0;2;1;0;6;7;6;7;6;6;10;10;10;10;10;11;11;11;11;11;11;14;15;12;21;15;15;19;18;17;19;13;16;16;16;17;16;16;16;16;19;16;16;16;16;17;15;16;15;15;15;16;22;22;23;22;22;20;24;23;25;26;25;26;25;25;25;25;25;21;21;21;21;21;23;22;22;21;21;22;21;21;21;21;22;23
19;17;14;15;14;14;14;14;15;14;14;14;14;14;14;14;15;15;14;15;16;18;18;18;18;18;18;18;19;18;11;12;11;11;11;11;11;11;11;10;11;12;12;12;12;12;13;13;13;12;11;11;11;11;13;14;12;12;12;12;12;11;11;11;10;10;10;11;12;18;8;8;7;7;8;8;11;11;12;13;7;6;8;7;6;0;1;0;1;3;3;10;10;10;10;10;11;11;11;11;10;10;12;13;11;22;15;15;17;16;15;17;13;14;12;12;13;12;12;12;12;15;12;12;12;12;15;13;14;13;13;13;14;23;23;24;23;20;18;22;23;23;24;22;24;23;23;23;23;23;19;19;19;19;19;21;20;20;19;19;20;19;19;19;21;20;21
20;18;15;16;15;15;15;15;16;15;15;15;15;15;15;15;16;16;15;16;17;19;19;19;19;19;19;19;20;19;12;13;12;12;12;12;12;12;12;11;12;13;13;13;13;13;14;14;14;13;12;12;12;12;14;15;13;13;13;13;13;12;12;12;11;11;11;12;13;19;9;9;8;8;9;9;12;12;13;14;8;7;9;8;7;1;0;1;2;4;4;11;11;11;11;11;12;12;12;12;11;11;13;14;12;23;16;16;18;17;16;18;14;15;13;13;14;13;13;13;13;16;13;13;13;13;16;14;15;14;14;14;15;24;24;25;24;21;19;23;24;24;25;23;25;24;24;24;24;24;20;20;20;20;20;22;21;21;20;20;21;20;20;20;22;21;22
19;17;14;15;14;14;14;14;15;14;14;14;14;14;14;14;15;15;14;15;16;18;18;18;18;18;18;18;19;18;11;12;11;11;11;11;11;11;11;10;11;12;12;12;12;12;13;13;13;12;11;11;11;11;13;14;12;12;12;12;12;11;11;11;10;10;10;11;12;18;8;8;7;7;8;8;11;11;12;13;7;6;8;7;6;0;1;0;1;3;3;10;10;10;10;10;11;11;11;11;10;10;12;13;11;22;15;15;17;16;15;17;13;14;12;12;13;12;12;12;12;15;12;12;12;12;15;13;14;13;13;13;14;23;23;24;23;20;18;22;23;23;24;22;24;23;23;23;23;23;19;19;19;19;19;21;20;20;19;19;20;19;19;19;21;20;21
20;18;15;16;15;15;15;15;16;15;15;15;15;15;15;15;16;16;15;16;17;19;19;19;19;19;19;19;20;19;12;13;12;12;12;12;12;12;12;11;12;13;13;13;13;13;14;14;14;13;12;12;12;12;14;15;13;13;13;13;13;12;12;12;11;11;11;12;13;19;9;9;8;8;9;9;12;12;13;14;8;7;9;8;7;1;2;1;0;4;4;11;11;11;11;11;12;10;10;10;11;11;13;13;12;21;16;16;18;17;16;18;12;15;13;13;14;13;13;13;13;16;13;13;13;13;16;14;15;14;14;14;15;23;23;24;23;20;19;22;23;23;24;22;24;23;23;23;23;23;19;19;19;19;19;21;20;20;19;19;20;19;19;19;22;20;21
19;17;16;17;16;16;16;16;17;16;16;16;16;16;16;16;17;17;16;17;16;18;18;18;18;18;18;18;19;18;11;12;11;11;11;11;11;11;11;10;11;12;12;12;12;12;13;13;13;12;11;11;11;11;13;14;14;14;14;14;14;13;11;11;10;12;12;13;14;18;10;10;9;9;10;10;13;13;14;15;7;6;8;7;6;3;4;3;4;0;0;12;12;12;12;12;13;13;13;13;12;12;14;15;13;22;17;17;19;18;17;19;15;14;14;14;15;14;14;14;14;16;14;14;14;14;17;15;16;15;15;15;16;23;23;24;23;22;20;24;25;25;26;24;26;25;25;25;25;25;21;21;21;21;21;23;22;22;21;21;22;21;21;21;21;22;23
19;17;16;17;16;16;16;16;17;16;16;16;16;16;16;16;17;17;16;17;16;18;18;18;18;18;18;18;19;18;11;12;11;11;11;11;11;11;11;10;11;12;12;12;12;12;13;13;13;12;11;11;11;11;13;14;14;14;14;14;14;13;11;11;10;12;12;13;14;18;10;10;9;9;10;10;13;13;14;15;7;6;8;7;6;3;4;3;4;0;0;12;12;12;12;12;13;13;13;13;12;12;14;15;13;22;17;17;19;18;17;19;15;14;14;14;15;14;14;14;14;16;14;14;14;14;17;15;16;15;15;15;16;23;23;24;23;22;20;24;25;25;26;24;26;25;25;25;25;25;21;21;21;21;21;23;22;22;21;21;22;21;21;21;21;22;23
17;15;12;13;12;12;12;12;13;12;12;12;12;12;12;12;13;12;12;13;14;16;16;16;16;16;16;16;17;16;9;10;9;9;9;9;9;9;9;10;9;10;10;10;10;10;11;11;11;10;9;9;9;9;12;13;9;9;9;9;9;8;10;10;9;7;7;8;9;13;2;2;4;3;2;2;7;7;7;9;11;10;11;11;10;10;11;10;11;12;12;0;0;0;0;0;1;1;1;1;6;6;9;13;10;19;14;14;16;16;16;17;14;16;11;11;12;11;11;11;11;14;11;11;11;11;12;10;11;10;10;10;11;21;21;22;20;19;17;19;20;20;21;20;21;20;20;20;20;20;18;18;18;18;18;20;19;19;18;18;19;18;18;18;19;19;18
17;15;12;13;12;12;12;12;13;12;12;12;12;12;12;12;13;12;12;13;14;16;16;16;16;16;16;16;17;16;9;10;9;9;9;9;9;9;9;10;9;10;10;10;10;10;11;11;11;10;9;9;9;9;12;13;9;9;9;9;9;8;10;10;9;7;7;8;9;13;2;2;4;3;2;2;7;7;7;9;11;10;11;11;10;10;11;10;11;12;12;0;0;0;0;0;1;1;1;1;6;6;9;13;10;19;14;14;16;16;16;17;14;16;11;11;12;11;11;11;11;14;11;11;11;11;12;10;11;10;10;10;11;21;21;22;20;19;17;19;20;20;21;20;21;20;20;20;20;20;18;18;18;18;18;20;19;19;18;18;19;18;18;18;19;19;18
17;15;12;13;12;12;12;12;13;12;12;12;12;12;12;12;13;12;12;13;14;16;16;16;16;16;16;16;17;16;9;10;9;9;9;9;9;9;9;10;9;10;10;10;10;10;11;11;11;10;9;9;9;9;12;13;9;9;9;9;9;8;10;10;9;7;7;8;9;13;2;2;4;3;2;2;7;7;7;9;11;10;11;11;10;10;11;10;11;12;12;0;0;0;0;0;1;1;1;1;6;6;9;13;10;19;14;14;16;16;16;17;14;16;11;11;12;11;11;11;11;14;11;11;11;11;12;10;11;10;10;10;11;21;21;22;20;19;17;19;20;20;21;20;21;20;20;20;20;20;18;18;18;18;18;20;19;19;18;18;19;18;18;18;19;19;18
17;15;12;13;12;12;12;12;13;12;12;12;12;12;12;12;13;12;12;13;14;16;16;16;16;16;16;16;17;16;9;10;9;9;9;9;9;9;9;10;9;10;10;10;10;10;11;11;11;10;9;9;9;9;12;13;9;9;9;9;9;8;10;10;9;7;7;8;9;13;2;2;4;3;2;2;7;7;7;9;11;10;11;11;10;10;11;10;11;12;12;0;0;0;0;0;1;1;1;1;6;6;9;13;10;19;14;14;16;16;16;17;14;16;11;11;12;11;11;11;11;14;11;11;11;11;12;10;11;10;10;10;11;21;21;22;20;19;17;19;20;20;21;20;21;20;20;20;20;20;18;18;18;18;18;20;19;19;18;18;19;18;18;18;19;19;18
17;15;12;13;12;12;12;12;13;12;12;12;12;12;12;12;13;12;12;13;14;16;16;16;16;16;16;16;17;16;9;10;9;9;9;9;9;9;9;10;9;10;10;10;10;10;11;11;11;10;9;9;9;9;12;13;9;9;9;9;9;8;10;10;9;7;7;8;9;13;2;2;4;3;2;2;7;7;7;9;11;10;11;11;10;10;11;10;11;12;12;0;0;0;0;0;1;1;1;1;6;6;9;13;10;19;14;14;16;16;16;17;14;16;11;11;12;11;11;11;11;14;11;11;11;11;12;10;11;10;10;10;11;21;21;22;20;19;17;19;20;20;21;20;21;20;20;20;20;20;18;18;18;18;18;20;19;19;18;18;19;18;18;18;19;19;18
18;16;13;14;13;13;13;13;14;13;13;13;13;13;13;13;14;13;13;14;15;17;17;17;17;17;17;17;18;17;10;11;10;10;10;10;10;10;10;11;10;11;11;11;11;11;12;12;12;11;10;10;10;10;13;14;10;10;10;10;10;9;11;11;10;8;8;9;10;14;3;3;5;4;3;3;8;8;8;10;12;11;12;12;11;11;12;11;12;13;13;1;1;1;1;1;0;2;2;2;7;7;10;14;11;20;15;15;17;17;17;18;15;17;12;12;13;12;12;12;12;14;12;12;12;12;13;11;12;11;11;11;12;22;22;23;21;20;18;20;21;21;22;21;22;21;21;21;21;21;19;19;19;19;19;21;20;20;19;19;20;19;19;19;20;20;19
18;16;13;14;13;13;13;13;14;13;13;13;13;13;13;13;14;13;13;14;15;17;17;17;17;17;17;17;18;17;10;11;10;10;10;10;10;10;10;11;10;11;11;11;11;11;12;12;12;11;10;10;10;10;13;14;10;10;10;10;10;9;11;11;10;8;8;9;10;14;3;3;5;4;3;3;8;8;8;10;12;11;12;12;11;11;12;11;10;13;13;1;1;1;1;1;2;0;0;0;7;7;10;13;11;18;15;15;17;17;17;18;13;17;12;12;13;12;12;12;12;15;12;12;12;12;13;11;12;11;11;11;12;21;21;22;20;19;18;19;20;20;21;20;21;20;20;20;20;20;18;18;18;18;18;20;19;19;18;18;19;18;18;18;20;19;18
18;16;13;14;13;13;13;13;14;13;13;13;13;13;13;13;14;13;13;14;15;17;17;17;17;17;17;17;18;17;10;11;10;10;10;10;10;10;10;11;10;11;11;11;11;11;12;12;12;11;10;10;10;10;13;14;10;10;10;10;10;9;11;11;10;8;8;9;10;14;3;3;5;4;3;3;8;8;8;10;12;11;12;12;11;11;12;11;10;13;13;1;1;1;1;1;2;0;0;0;7;7;10;13;11;18;15;15;17;17;17;18;13;17;12;12;13;12;12;12;12;15;12;12;12;12;13;11;12;11;11;11;12;21;21;22;20;19;18;19;20;20;21;20;21;20;20;20;20;20;18;18;18;18;18;20;19;19;18;18;19;18;18;18;20;19;18
18;16;13;14;13;13;13;13;14;13;13;13;13;13;13;13;14;13;13;14;15;17;17;17;17;17;17;17;18;17;10;11;10;10;10;10;10;10;10;11;10;11;11;11;11;11;12;12;12;11;10;10;10;10;13;14;10;10;10;10;10;9;11;11;10;8;8;9;10;14;3;3;5;4;3;3;8;8;8;10;12;11;12;12;11;11;12;11;10;13;13;1;1;1;1;1;2;0;0;0;7;7;10;13;11;18;15;15;17;17;17;18;13;17;12;12;13;12;12;12;12;15;12;12;12;12;13;11;12;11;11;11;12;21;21;22;20;19;18;19;20;20;21;20;21;20;20;20;20;20;18;18;18;18;18;20;19;19;18;18;19;18;18;18;20;19;18
14;12;9;10;9;9;9;9;10;9;9;9;9;9;9;9;10;9;9;10;11;13;13;13;13;13;13;13;14;13;10;11;10;10;10;10;10;10;10;11;10;10;10;10;10;10;11;11;11;11;10;10;10;10;10;11;6;6;6;6;6;5;7;7;6;4;4;5;6;10;4;4;6;5;4;4;9;9;9;11;12;11;12;12;11;10;11;10;11;12;12;6;6;6;6;6;7;7;7;7;0;0;6;10;7;15;10;10;13;13;12;13;11;12;9;9;10;9;9;9;9;12;9;9;9;9;10;8;9;8;8;8;7;19;19;20;17;14;15;15;16;16;17;16;17;16;16;16;16;16;14;14;14;14;14;16;15;15;14;14;15;14;14;16;17;16;16
14;12;9;10;9;9;9;9;10;9;9;9;9;9;9;9;10;9;9;10;11;13;13;13;13;13;13;13;14;13;10;11;10;10;10;10;10;10;10;11;10;10;10;10;10;10;11;11;11;11;10;10;10;10;10;11;6;6;6;6;6;5;7;7;6;4;4;5;6;10;4;4;6;5;4;4;9;9;9;11;12;11;12;12;11;10;11;10;11;12;12;6;6;6;6;6;7;7;7;7;0;0;6;10;7;15;10;10;13;13;12;13;11;12;9;9;10;9;9;9;9;12;9;9;9;9;10;8;9;8;8;8;7;19;19;20;17;14;15;15;16;16;17;16;17;16;16;16;16;16;14;14;14;14;14;16;15;15;14;14;15;14;14;16;17;16;16
16;14;12;13;12;12;12;12;13;11;11;11;11;11;11;11;12;11;11;13;13;15;15;15;15;15;15;15;16;15;11;12;11;11;11;11;11;11;11;12;11;12;12;12;12;12;13;13;13;12;11;11;11;12;13;14;9;9;9;9;9;8;10;10;9;7;7;8;8;13;7;7;8;8;7;7;11;11;11;13;15;14;14;14;14;12;13;12;13;14;14;9;9;9;9;9;10;10;10;10;6;6;0;9;10;17;11;11;13;13;12;13;15;13;8;8;9;8;8;8;8;11;8;8;8;8;11;9;10;9;9;9;10;22;22;23;20;14;18;15;16;16;17;16;17;15;15;15;15;17;16;16;16;16;16;18;17;17;16;16;17;16;16;16;17;17;14
22;20;17;18;17;17;17;17;18;17;17;17;17;17;17;17;18;17;17;18;19;21;21;21;21;21;21;21;22;21;15;16;15;15;15;15;15;15;15;14;15;16;16;16;16;16;17;17;15;14;15;15;15;15;17;18;14;14;14;14;14;13;15;14;13;12;12;13;14;17;11;11;11;12;11;11;12;12;13;14;16;15;16;16;15;13;14;13;13;15;15;13;13;13;13;13;14;13;13;13;10;10;9;0;13;19;14;14;16;16;15;16;16;17;9;9;10;9;9;9;9;12;9;9;9;9;13;11;12;11;11;11;12;21;21;22;21;14;18;19;19;20;21;19;21;20;20;20;20;19;16;16;16;16;16;18;17;17;16;16;17;16;16;17;21;18;18
13;11;8;9;8;8;8;8;9;8;8;8;8;8;8;8;9;9;8;9;10;12;12;12;12;12;12;12;13;12;14;15;14;14;14;14;14;14;14;13;14;13;13;13;13;13;14;14;14;15;14;14;14;14;12;13;10;10;10;10;10;9;13;13;12;10;10;11;12;15;8;8;10;9;8;8;9;9;10;9;13;12;12;12;12;11;12;11;12;13;13;10;10;10;10;10;11;11;11;11;7;7;10;13;0;16;11;11;12;12;11;12;13;9;10;10;11;10;10;10;11;14;11;10;10;10;11;9;10;9;9;9;9;22;22;23;21;16;18;19;20;20;21;20;21;20;20;20;20;20;18;18;18;18;18;20;19;19;18;18;19;18;18;19;22;22;19
23;21;20;21;20;20;20;20;21;20;20;20;20;20;20;20;21;20;20;21;20;22;22;22;22;22;22;22;23;22;21;22;21;21;21;21;21;21;21;21;21;21;21;21;21;21;21;21;22;22;21;21;21;21;19;20;20;20;19;19;20;19;18;19;18;18;18;19;19;18;17;17;19;18;17;17;19;19;19;20;22;21;19;21;21;22;23;22;21;22;22;19;19;19;19;19;20;18;18;18;15;15;17;19;16;0;20;20;23;23;22;23;20;18;21;21;22;21;21;21;21;24;21;21;21;21;23;21;22;21;21;21;20;24;24;25;24;22;24;22;23;23;24;23;23;23;23;23;23;24;23;23;23;23;23;25;24;24;23;23;24;23;23;26;26;26;24
16;14;13;14;13;13;13;13;14;12;12;12;12;12;12;12;12;12;12;14;12;15;15;15;15;15;15;15;16;13;12;13;12;12;12;12;12;12;12;11;12;12;12;12;12;12;13;13;13;13;12;12;12;13;13;14;13;13;13;13;13;12;14;14;13;11;11;12;13;19;12;12;13;13;12;12;15;15;16;14;16;15;16;16;15;15;16;15;16;17;17;14;14;14;14;14;15;15;15;15;10;10;11;14;11;20;0;0;9;9;6;8;11;16;13;13;14;13;13;13;13;16;13;13;13;13;14;14;14;14;14;14;13;21;21;22;21;16;18;21;22;22;23;22;23;22;22;22;22;22;18;18;18;18;18;20;19;19;18;18;19;18;18;21;23;24;23
16;14;13;14;13;13;13;13;14;12;12;12;12;12;12;12;12;12;12;14;12;15;15;15;15;15;15;15;16;13;12;13;12;12;12;12;12;12;12;11;12;12;12;12;12;12;13;13;13;13;12;12;12;13;13;14;13;13;13;13;13;12;14;14;13;11;11;12;13;19;12;12;13;13;12;12;15;15;16;14;16;15;16;16;15;15;16;15;16;17;17;14;14;14;14;14;15;15;15;15;10;10;11;14;11;20;0;0;9;9;6;8;11;16;13;13;14;13;13;13;13;16;13;13;13;13;14;14;14;14;14;14;13;21;21;22;21;16;18;21;22;22;23;22;23;22;22;22;22;22;18;18;18;18;18;20;19;19;18;18;19;18;18;21;23;24;23
18;16;15;16;15;15;15;15;16;14;14;14;14;14;14;14;14;14;14;16;15;17;17;17;17;17;17;17;18;16;18;19;18;18;18;18;18;18;18;17;18;18;18;18;18;18;19;19;19;19;18;18;18;19;18;19;14;14;14;14;14;13;16;17;16;14;14;15;16;20;15;15;16;16;15;15;18;18;19;19;20;19;20;20;19;17;18;17;18;19;19;16;16;16;16;16;17;17;17;17;13;13;13;16;12;23;9;9;0;1;6;4;15;17;13;13;14;13;13;13;14;17;14;13;13;13;14;14;14;14;14;14;13;24;24;25;24;18;20;23;24;24;25;24;25;24;24;24;24;24;20;20;20;20;20;22;21;21;20;20;21;20;20;23;24;26;25
18;16;15;16;15;15;15;15;16;14;14;14;14;14;14;14;14;14;14;16;15;17;17;17;17;17;17;17;18;16;18;19;18;18;18;18;18;18;18;17;18;18;18;18;18;18;19;19;19;19;18;18;18;19;18;19;14;14;14;14;14;13;15;17;16;14;14;15;16;20;15;15;16;16;15;15;18;18;19;19;19;18;19;19;18;16;17;16;17;18;18;16;16;16;16;16;17;17;17;17;13;13;13;16;12;23;9;9;1;0;5;5;14;17;13;13;14;13;13;13;14;17;14;13;13;13;14;14;14;14;14;14;13;24;24;25;24;18;20;23;24;24;25;24;25;24;24;24;24;24;20;20;20;20;20;22;21;21;20;20;21;20;20;23;24;25;25
16;14;13;14;13;13;13;13;14;12;12;12;12;12;12;12;12;12;12;14;12;15;15;15;15;15;15;15;16;13;16;17;16;16;16;16;16;16;16;15;16;16;16;16;16;16;17;17;17;17;16;16;16;17;17;18;13;13;13;13;13;12;14;16;15;13;13;14;15;21;14;14;15;15;14;14;17;17;18;18;18;17;18;18;17;15;16;15;16;17;17;16;16;16;16;16;17;17;17;17;12;12;12;15;11;22;6;6;6;5;0;4;13;16;12;12;13;12;12;12;13;16;13;12;12;12;13;13;13;13;13;13;12;23;23;24;22;17;19;22;23;23;24;23;24;23;23;23;23;23;19;19;19;19;19;21;20;20;19;19;20;19;19;22;23;24;24
16;14;14;15;14;14;14;14;15;13;13;13;13;13;13;13;13;13;13;15;14;16;16;16;16;16;16;16;17;15;18;19;18;18;18;18;18;18;18;17;18;18;18;18;18;18;19;19;19;19;18;18;18;19;18;19;14;14;14;14;14;13;16;17;16;14;14;15;16;22;15;15;16;16;15;15;18;18;19;19;20;19;20;20;19;17;18;17;18;19;19;17;17;17;17;17;18;18;18;18;13;13;13;16;12;23;8;8;4;5;4;0;15;17;13;13;14;13;13;13;14;17;14;13;13;13;14;14;13;14;14;14;13;24;24;25;22;18;20;23;24;24;25;24;25;24;24;24;24;24;20;20;20;20;20;22;21;21;20;20;21;20;20;23;23;26;25
19;17;13;14;13;13;13;13;14;14;14;14;14;14;14;14;15;14;14;14;16;18;18;18;18;18;18;18;19;17;15;16;15;15;15;15;15;15;15;14;15;15;15;15;15;15;16;16;16;16;15;15;15;14;13;14;14;14;14;14;14;13;13;15;14;12;12;13;14;19;12;12;13;13;12;12;15;15;16;15;14;13;13;14;13;13;14;13;12;15;15;14;14;14;14;14;15;13;13;13;11;11;15;16;13;20;11;11;15;14;13;15;0;17;16;16;17;16;16;16;16;19;16;16;16;16;16;15;16;15;15;15;14;20;20;21;23;19;19;22;23;23;24;23;24;23;23;23;23;23;18;18;18;18;18;20;19;19;18;18;19;18;18;20;23;22;23
12;12;12;13;12;12;12;12;13;12;12;12;12;12;12;12;13;13;12;13;12;12;12;12;12;12;12;12;13;12;15;16;15;15;15;15;15;15;15;14;15;15;15;15;15;15;15;15;16;16;15;15;15;15;12;13;14;14;14;14;14;13;14;13;12;14;14;15;15;16;14;14;15;15;14;14;15;15;16;17;17;16;16;16;16;14;15;14;15;14;14;16;16;16;16;16;17;17;17;17;12;12;13;17;9;18;16;16;17;17;16;17;17;0;13;13;14;13;13;13;14;17;14;13;13;13;16;14;15;14;14;14;13;22;22;23;21;19;19;21;22;22;23;21;23;21;21;21;21;23;21;21;21;21;21;23;22;22;21;21;22;21;21;22;24;25;23
17;15;12;13;12;12;12;12;13;12;12;12;12;12;12;12;13;12;12;13;14;16;16;16;16;16;16;16;17;16;12;13;12;12;12;12;12;12;12;13;12;13;13;13;13;13;14;14;13;12;12;12;12;12;13;14;11;11;11;11;11;10;14;12;11;11;11;12;13;17;9;9;9;10;9;9;13;13;13;15;17;16;17;17;16;12;13;12;13;14;14;11;11;11;11;11;12;12;12;12;9;9;8;9;10;21;13;13;13;13;12;13;16;13;0;0;1;0;0;0;1;4;1;0;0;0;5;3;4;3;3;3;4;22;22;23;20;15;17;20;21;21;22;20;22;21;21;21;21;20;19;19;19;19;19;21;20;20;19;19;20;19;19;20;20;20;19
17;15;12;13;12;12;12;12;13;12;12;12;12;12;12;12;13;12;12;13;14;16;16;16;16;16;16;16;17;16;12;13;12;12;12;12;12;12;12;13;12;13;13;13;13;13;14;14;13;12;12;12;12;12;13;14;11;11;11;11;11;10;14;12;11;11;11;12;13;17;9;9;9;10;9;9;13;13;13;15;17;16;17;17;16;12;13;12;13;14;14;11;11;11;11;11;12;12;12;12;9;9;8;9;10;21;13;13;13;13;12;13;16;13;0;0;1;0;0;0;1;4;1;0;0;0;5;3;4;3;3;3;4;22;22;23;20;15;17;20;21;21;22;20;22;21;21;21;21;20;19;19;19;19;19;21;20;20;19;19;20;19;19;20;20;20;19
18;16;13;14;13;13;13;13;14;13;13;13;13;13;13;13;14;13;13;12;15;17;17;17;17;17;17;17;18;17;13;14;13;13;13;13;13;13;13;14;13;14;14;14;14;14;15;15;14;13;13;13;13;13;14;15;12;12;12;12;12;11;15;13;12;12;12;13;14;18;10;10;10;11;10;10;14;14;14;16;18;17;18;18;17;13;14;13;14;15;15;12;12;12;12;12;13;13;13;13;10;10;9;10;11;22;14;14;14;14;13;14;17;14;1;1;0;1;1;1;2;5;2;1;1;1;6;4;5;4;4;4;5;23;23;24;21;16;18;21;22;22;23;21;23;22;22;22;22;21;20;20;20;20;20;22;21;21;20;20;21;20;20;21;21;21;20
17;15;12;13;12;12;12;12;13;12;12;12;12;12;12;12;13;12;12;13;14;16;16;16;16;16;16;16;17;16;12;13;12;12;12;12;12;12;12;13;12;13;13;13;13;13;14;14;13;12;12;12;12;12;13;14;11;11;11;11;11;10;14;12;11;11;11;12;13;17;9;9;9;10;9;9;13;13;13;15;17;16;17;17;16;12;13;12;13;14;14;11;11;11;11;11;12;12;12;12;9;9;8;9;10;21;13;13;13;13;12;13;16;13;0;0;1;0;0;0;1;4;1;0;0;0;5;3;4;3;3;3;4;22;22;23;20;15;17;20;21;21;22;20;22;21;21;21;21;20;19;19;19;19;19;21;20;20;19;19;20;19;19;20;20;20;19
17;15;12;13;12;12;12;12;13;12;12;12;12;12;12;12;13;12;12;13;14;16;16;16;16;16;16;16;17;16;12;13;12;12;12;12;12;12;12;13;12;13;13;13;13;13;14;14;13;12;12;12;12;12;13;14;11;11;11;11;11;10;14;12;11;11;11;12;13;17;9;9;9;10;9;9;13;13;13;15;17;16;17;17;16;12;13;12;13;14;14;11;11;11;11;11;12;12;12;12;9;9;8;9;10;21;13;13;13;13;12;13;16;13;0;0;1;0;0;0;1;4;1;0;0;0;5;3;4;3;3;3;4;22;22;23;20;15;17;20;21;21;22;20;22;21;21;21;21;20;19;19;19;19;19;21;20;20;19;19;20;19;19;20;20;20;19
17;15;12;13;12;12;12;12;13;12;12;12;12;12;12;12;13;12;12;13;14;16;16;16;16;16;16;16;17;16;12;13;12;12;12;12;12;12;12;13;12;13;13;13;13;13;14;14;13;12;12;12;12;12;13;14;11;11;11;11;11;10;14;12;11;11;11;12;13;17;9;9;9;10;9;9;13;13;13;15;17;16;17;17;16;12;13;12;13;14;14;11;11;11;11;11;12;12;12;12;9;9;8;9;10;21;13;13;13;13;12;13;16;13;0;0;1;0;0;0;1;4;1;0;0;0;5;3;4;3;3;3;4;22;22;23;20;15;17;20;21;21;22;20;22;21;21;21;21;20;19;19;19;19;19;21;20;20;19;19;20;19;19;20;20;20;19
18;16;13;14;13;13;13;13;14;13;13;13;13;13;13;13;14;13;13;14;15;17;17;17;17;17;17;17;18;17;12;13;12;12;12;12;12;12;12;13;12;13;13;13;13;13;14;14;13;12;12;12;12;12;13;14;12;12;12;12;12;11;14;12;11;11;11;12;13;17;9;9;9;10;9;9;13;13;13;15;17;16;17;17;16;12;13;12;13;14;14;11;11;11;11;11;12;12;12;12;9;9;8;9;11;21;13;13;14;14;13;14;16;14;1;1;2;1;1;1;0;3;0;1;1;1;6;4;5;4;4;4;5;22;22;23;20;15;17;20;21;21;22;20;22;21;21;21;21;20;19;19;19;19;19;21;20;20;19;19;20;19;19;20;20;20;19
21;19;16;17;16;16;16;16;17;16;16;16;16;16;16;16;17;16;16;17;18;20;20;20;20;20;20;20;21;20;15;16;15;15;15;15;15;15;15;16;15;16;16;16;16;16;17;17;16;15;15;15;15;15;16;17;15;15;15;15;15;14;17;15;14;14;14;15;16;20;12;12;12;13;12;12;16;16;16;18;20;19;20;20;19;15;16;15;16;16;16;14;14;14;14;14;14;15;15;15;12;12;11;12;14;24;16;16;17;17;16;17;19;17;4;4;5;4;4;4;3;0;3;4;4;4;9;7;8;7;7;7;8;25;25;26;23;18;20;23;24;24;25;23;25;24;24;24;24;23;22;22;22;22;22;24;23;23;22;22;23;22;22;23;23;23;22
18;16;13;14;13;13;13;13;14;13;13;13;13;13;13;13;14;13;13;14;15;17;17;17;17;17;17;17;18;17;12;13;12;12;12;12;12;12;12;13;12;13;13;13;13;13;14;14;13;12;12;12;12;12;13;14;12;12;12;12;12;11;14;12;11;11;11;12;13;17;9;9;9;10;9;9;13;13;13;15;17;16;17;17;16;12;13;12;13;14;14;11;11;11;11;11;12;12;12;12;9;9;8;9;11;21;13;13;14;14;13;14;16;14;1;1;2;1;1;1;0;3;0;1;1;1;6;4;5;4;4;4;5;22;22;23;20;15;17;20;21;21;22;20;22;21;21;21;21;20;19;19;19;19;19;21;20;20;19;19;20;19;19;20;20;20;19
17;15;12;13;12;12;12;12;13;12;12;12;12;12;12;12;13;12;12;13;14;16;16;16;16;16;16;16;17;16;12;13;12;12;12;12;12;12;12;13;12;13;13;13;13;13;14;14;13;12;12;12;12;12;13;14;11;11;11;11;11;10;14;12;11;11;11;12;13;17;9;9;9;10;9;9;13;13;13;15;17;16;17;17;16;12;13;12;13;14;14;11;11;11;11;11;12;12;12;12;9;9;8;9;10;21;13;13;13;13;12;13;16;13;0;0;1;0;0;0;1;4;1;0;0;0;5;3;4;3;3;3;4;22;22;23;20;15;17;20;21;21;22;20;22;21;21;21;21;20;19;19;19;19;19;21;20;20;19;19;20;19;19;20;20;20;19
17;15;12;13;12;12;12;12;13;12;12;12;12;12;12;12;13;12;12;13;14;16;16;16;16;16;16;16;17;16;12;13;12;12;12;12;12;12;12;13;12;13;13;13;13;13;14;14;13;12;12;12;12;12;13;14;11;11;11;11;11;10;14;12;11;11;11;12;13;17;9;9;9;10;9;9;13;13;13;15;17;16;17;17;16;12;13;12;13;14;14;11;11;11;11;11;12;12;12;12;9;9;8;9;10;21;13;13;13;13;12;13;16;13;0;0;1;0;0;0;1;4;1;0;0;0;5;3;4;3;3;3;4;22;22;23;20;15;17;20;21;21;22;20;22;21;21;21;21;20;19;19;19;19;19;21;20;20;19;19;20;19;19;20;20;20;19
17;15;12;13;12;12;12;12;13;12;12;12;12;12;12;12;13;12;12;13;14;16;16;16;16;16;16;16;17;16;12;13;12;12;12;12;12;12;12;13;12;13;13;13;13;13;14;14;13;12;12;12;12;12;13;14;11;11;11;11;11;10;14;12;11;11;11;12;13;17;9;9;9;10;9;9;13;13;13;15;17;16;17;17;16;12;13;12;13;14;14;11;11;11;11;11;12;12;12;12;9;9;8;9;10;21;13;13;13;13;12;13;16;13;0;0;1;0;0;0;1;4;1;0;0;0;5;3;4;3;3;3;4;22;22;23;20;15;17;20;21;21;22;20;22;21;21;21;21;20;19;19;19;19;19;21;20;20;19;19;20;19;19;20;20;20;19
16;14;12;13;12;12;12;12;13;12;12;12;12;12;12;12;12;12;12;13;13;15;15;15;15;15;15;15;16;15;14;15;14;14;14;14;14;14;14;15;14;15;15;15;15;15;16;16;15;14;14;14;14;14;15;16;12;12;12;12;12;11;15;15;14;12;12;13;14;18;10;10;10;11;10;10;14;14;14;16;18;17;18;18;17;15;16;15;16;17;17;12;12;12;12;12;13;13;13;13;10;10;11;13;11;23;14;14;14;14;13;14;16;16;5;5;6;5;5;5;6;9;6;5;5;5;0;2;2;2;2;2;5;23;23;24;21;17;20;19;20;20;21;20;21;20;20;20;20;19;18;18;18;18;18;20;19;19;18;18;19;18;18;18;19;20;19
16;14;11;12;11;11;11;11;12;11;11;11;11;11;11;11;12;11;11;12;13;15;15;15;15;15;15;15;16;15;13;14;13;13;13;13;13;13;13;14;13;14;14;14;14;14;15;15;14;13;13;13;13;13;14;15;10;10;10;10;10;9;13;13;12;10;10;11;12;16;8;8;8;9;8;8;12;12;12;14;16;15;16;16;15;13;14;13;14;15;15;10;10;10;10;10;11;11;11;11;8;8;9;11;9;21;14;14;14;14;13;14;15;14;3;3;4;3;3;3;4;7;4;3;3;3;2;0;1;0;0;0;3;22;22;23;20;16;18;18;19;19;20;19;20;19;19;19;19;18;17;17;17;17;17;19;18;18;17;17;18;17;17;17;18;18;17
15;13;12;13;12;12;12;12;13;12;12;12;12;12;12;12;12;12;12;13;13;15;15;15;15;15;15;15;16;15;13;14;13;13;13;13;13;13;13;14;13;14;14;14;14;14;15;15;14;13;13;13;13;13;14;15;11;11;11;11;11;10;14;14;13;11;11;12;13;17;9;9;9;10;9;9;13;13;13;15;17;16;17;17;16;14;15;14;15;16;16;11;11;11;11;11;12;12;12;12;9;9;10;12;10;22;14;14;14;14;13;13;16;15;4;4;5;4;4;4;5;8;5;4;4;4;2;1;0;1;1;1;4;22;22;23;20;16;19;18;19;19;20;19;20;19;19;19;19;18;17;17;17;17;17;19;18;18;17;17;18;17;17;17;17;19;18
16;14;11;12;11;11;11;11;12;11;11;11;11;11;11;11;12;11;11;12;13;15;15;15;15;15;15;15;16;15;13;14;13;13;13;13;13;13;13;14;13;14;14;14;14;14;15;15;14;13;13;13;13;13;14;15;10;10;10;10;10;9;13;13;12;10;10;11;12;16;8;8;8;9;8;8;12;12;12;14;16;15;16;16;15;13;14;13;14;15;15;10;10;10;10;10;11;11;11;11;8;8;9;11;9;21;14;14;14;14;13;14;15;14;3;3;4;3;3;3;4;7;4;3;3;3;2;0;1;0;0;0;3;22;22;23;20;16;18;18;19;19;20;19;20;19;19;19;19;18;17;17;17;17;17;19;18;18;17;17;18;17;17;17;18;18;17
16;14;11;12;11;11;11;11;12;11;11;11;11;11;11;11;12;11;11;12;13;15;15;15;15;15;15;15;16;15;13;14;13;13;13;13;13;13;13;14;13;14;14;14;14;14;15;15;14;13;13;13;13;13;14;15;10;10;10;10;10;9;13;13;12;10;10;11;12;16;8;8;8;9;8;8;12;12;12;14;16;15;16;16;15;13;14;13;14;15;15;10;10;10;10;10;11;11;11;11;8;8;9;11;9;21;14;14;14;14;13;14;15;14;3;3;4;3;3;3;4;7;4;3;3;3;2;0;1;0;0;0;3;22;22;23;20;16;18;18;19;19;20;19;20;19;19;19;19;18;17;17;17;17;17;19;18;18;17;17;18;17;17;17;18;18;17
16;14;11;12;11;11;11;11;12;11;11;11;11;11;11;11;12;11;11;12;13;15;15;15;15;15;15;15;16;15;13;14;13;13;13;13;13;13;13;14;13;14;14;14;14;14;15;15;14;13;13;13;13;13;14;15;10;10;10;10;10;9;13;13;12;10;10;11;12;16;8;8;8;9;8;8;12;12;12;14;16;15;16;16;15;13;14;13;14;15;15;10;10;10;10;10;11;11;11;11;8;8;9;11;9;21;14;14;14;14;13;14;15;14;3;3;4;3;3;3;4;7;4;3;3;3;2;0;1;0;0;0;3;22;22;23;20;16;18;18;19;19;20;19;20;19;19;19;19;18;17;17;17;17;17;19;18;18;17;17;18;17;17;17;18;18;17
15;13;10;11;10;10;10;10;11;10;10;10;10;10;10;10;11;10;10;11;12;14;14;14;14;14;14;14;15;14;14;15;14;14;14;14;14;14;14;15;14;14;14;14;14;14;15;15;14;14;14;14;14;14;13;14;9;9;9;9;9;8;12;12;11;9;9;10;11;15;9;9;9;10;9;9;13;13;13;15;17;16;17;17;16;14;15;14;15;16;16;11;11;11;11;11;12;12;12;12;7;7;10;12;9;20;13;13;13;13;12;13;14;13;4;4;5;4;4;4;5;8;5;4;4;4;5;3;4;3;3;3;0;21;21;22;19;15;17;19;20;20;21;20;21;20;20;20;20;19;18;18;18;18;18;19;18;18;18;18;19;18;18;20;21;21;20
24;22;22;22;22;22;22;22;23;22;22;22;22;22;22;22;22;22;22;23;21;23;23;23;23;23;23;23;24;22;19;20;19;19;19;19;19;19;19;18;19;19;19;19;19;19;19;19;19;19;19;19;19;19;20;19;19;19;19;19;19;19;18;19;18;18;18;19;20;21;19;19;20;20;19;19;21;21;22;23;21;22;22;23;22;23;24;23;23;23;23;21;21;21;21;21;22;21;21;21;19;19;22;21;22;24;21;21;24;24;23;24;20;22;22;22;23;22;22;22;22;25;22;22;22;22;23;22;22;22;22;22;21;0;0;1;5;12;13;17;18;18;19;18;19;18;18;18;18;18;16;16;16;16;16;18;17;17;16;16;17;16;16;17;20;21;21
24;22;22;22;22;22;22;22;23;22;22;22;22;22;22;22;22;22;22;23;21;23;23;23;23;23;23;23;24;22;19;20;19;19;19;19;19;19;19;18;19;19;19;19;19;19;19;19;19;19;19;19;19;19;20;19;19;19;19;19;19;19;18;19;18;18;18;19;20;21;19;19;20;20;19;19;21;21;22;23;21;22;22;23;22;23;24;23;23;23;23;21;21;21;21;21;22;21;21;21;19;19;22;21;22;24;21;21;24;24;23;24;20;22;22;22;23;22;22;22;22;25;22;22;22;22;23;22;22;22;22;22;21;0;0;1;5;12;13;17;18;18;19;18;19;18;18;18;18;18;16;16;16;16;16;18;17;17;16;16;17;16;16;17;20;21;21
25;23;23;23;23;23;23;23;24;23;23;23;23;23;23;23;23;23;23;24;22;24;24;24;24;24;24;24;25;23;20;21;20;20;20;20;20;20;20;19;20;20;20;20;20;20;20;20;20;20;20;20;20;20;21;20;20;20;20;20;20;20;19;20;19;19;19;20;21;22;20;20;21;21;20;20;22;22;23;24;22;23;23;24;23;24;25;24;24;24;24;22;22;22;22;22;23;22;22;22;20;20;23;22;23;25;22;22;25;25;24;25;21;23;23;23;24;23;23;23;23;26;23;23;23;23;24;23;23;23;23;23;22;1;1;0;6;13;14;18;19;19;20;19;20;19;19;19;19;19;17;17;17;17;17;19;18;18;17;17;18;17;17;18;21;22;22
22;20;20;20;20;20;20;20;21;20;20;20;20;20;20;20;20;21;20;21;19;21;21;21;21;21;21;21;22;20;18;19;18;18;18;18;18;18;18;19;18;18;18;18;18;18;18;18;18;18;18;18;18;18;19;18;18;18;18;18;18;18;17;18;17;17;17;18;19;20;18;18;19;19;18;18;22;22;22;24;21;22;24;23;22;23;24;23;23;23;23;20;20;20;20;20;21;20;20;20;17;17;20;21;21;24;21;21;24;24;22;22;23;21;20;20;21;20;20;20;20;23;20;20;20;20;21;20;20;20;20;20;19;5;5;6;0;12;13;16;17;17;18;17;18;17;17;17;17;17;17;17;17;17;17;19;18;18;17;17;18;17;17;18;19;20;20
21;19;17;17;17;17;17;17;18;17;17;17;17;17;17;17;17;17;17;18;18;20;20;20;20;20;20;20;21;19;19;20;19;19;19;19;19;19;19;18;19;19;19;19;19;19;19;19;19;19;19;19;19;19;17;18;16;16;18;18;16;15;16;17;16;14;14;15;16;18;17;17;17;18;17;17;17;17;18;19;21;22;21;22;22;20;21;20;20;22;22;19;19;19;19;19;20;19;19;19;14;14;14;14;16;22;16;16;18;18;17;18;19;19;15;15;16;15;15;15;15;18;15;15;15;15;17;16;16;16;16;16;15;12;12;13;12;0;12;11;12;12;13;12;13;12;12;12;12;10;12;12;12;12;12;14;13;13;12;12;13;12;12;13;17;18;15
24;22;19;19;19;19;19;19;20;19;19;19;19;19;19;19;20;19;19;20;21;23;23;23;23;23;23;23;24;22;18;19;18;18;18;18;18;18;18;17;18;18;18;18;18;18;18;18;18;18;18;18;18;18;19;20;17;17;19;19;17;16;16;17;16;15;15;16;17;19;15;15;16;16;15;15;17;17;18;19;19;20;21;21;20;18;19;18;19;20;20;17;17;17;17;17;18;18;18;18;15;15;18;18;18;24;18;18;20;20;19;20;19;19;17;17;18;17;17;17;17;20;17;17;17;17;20;18;19;18;18;18;17;13;13;14;13;12;0;18;19;19;20;18;20;19;19;19;19;18;17;17;17;17;17;19;18;18;17;17;18;17;17;18;19;19;20
21;19;17;17;17;17;17;17;18;17;17;17;17;17;17;17;17;17;17;18;18;20;20;20;20;20;20;20;21;20;19;20;19;19;19;19;19;19;19;20;19;19;19;19;19;19;18;18;20;20;19;19;19;19;17;18;16;16;18;18;16;15;15;17;16;14;14;15;14;18;17;17;18;18;17;17;20;20;20;22;23;24;23;24;24;22;23;22;22;24;24;19;19;19;19;19;20;19;19;19;15;15;15;19;19;22;21;21;23;23;22;23;22;21;20;20;21;20;20;20;20;23;20;20;20;20;19;18;18;18;18;18;19;17;17;18;16;11;18;0;1;1;2;1;2;2;2;2;2;4;6;6;6;6;6;8;7;7;6;6;7;6;6;6;11;8;6
22;20;18;18;18;18;18;18;19;18;18;18;18;18;18;18;18;18;18;19;19;21;21;21;21;21;21;21;22;21;20;21;20;20;20;20;20;20;20;21;20;20;20;20;20;20;19;19;21;21;20;20;20;20;18;19;17;17;19;19;17;16;16;18;17;15;15;16;15;19;18;18;19;19;18;18;21;21;21;23;22;23;22;23;23;23;24;23;23;25;25;20;20;20;20;20;21;20;20;20;16;16;16;19;20;23;22;22;24;24;23;24;23;22;21;21;22;21;21;21;21;24;21;21;21;21;20;19;19;19;19;19;20;18;18;19;17;12;19;1;0;2;3;2;3;3;3;3;3;5;7;7;7;7;7;9;8;8;7;7;8;7;7;7;12;9;7
22;20;18;18;18;18;18;18;19;18;18;18;18;18;18;18;18;18;18;19;19;21;21;21;21;21;21;21;22;21;20;19;20;20;20;20;20;20;20;21;20;20;20;20;20;20;19;19;21;21;20;20;20;20;18;19;17;17;19;19;17;16;16;18;17;15;15;16;15;19;18;18;19;19;18;18;21;21;21;23;24;25;24;25;25;23;24;23;23;25;25;20;20;20;20;20;21;20;20;20;16;16;16;20;20;23;22;22;24;24;23;24;23;22;21;21;22;21;21;21;21;24;21;21;21;21;20;19;19;19;19;19;20;18;18;19;17;12;19;1;2;0;1;2;3;3;3;3;3;5;5;5;5;5;5;7;6;6;5;5;6;5;5;7;12;9;7
23;21;19;19;19;19;19;19;20;19;19;19;19;19;19;19;19;19;19;20;20;22;22;22;22;22;22;22;23;22;21;20;21;21;21;21;21;21;21;22;21;21;21;21;21;21;20;20;22;22;21;21;21;21;19;20;18;18;20;20;18;17;17;19;18;16;16;17;16;20;19;19;20;20;19;19;22;22;22;24;25;26;25;26;26;24;25;24;24;26;26;21;21;21;21;21;22;21;21;21;17;17;17;21;21;24;23;23;25;25;24;25;24;23;22;22;23;22;22;22;22;25;22;22;22;22;21;20;20;20;20;20;21;19;19;20;18;13;20;2;3;1;0;3;4;4;4;4;4;6;6;6;6;6;6;8;7;7;6;6;7;6;6;8;13;10;8
22;20;18;18;18;18;18;18;19;18;18;18;18;18;18;18;18;18;18;19;19;21;21;21;21;21;21;21;22;21;19;20;19;19;19;19;19;19;19;20;19;19;19;19;19;19;18;18;20;20;19;19;19;19;17;18;17;17;19;19;17;16;16;17;16;15;15;16;15;19;18;18;19;19;18;18;21;21;21;23;24;25;24;25;25;22;23;22;22;24;24;20;20;20;20;20;21;20;20;20;16;16;16;19;20;23;22;22;24;24;23;24;23;21;20;20;21;20;20;20;20;23;20;20;20;20;20;19;19;19;19;19;20;18;18;19;17;12;18;1;2;2;3;0;3;3;3;3;3;5;7;7;7;7;7;9;8;8;7;7;8;7;7;7;12;9;7
23;21;19;19;19;19;19;19;20;19;19;19;19;19;19;19;19;19;19;20;20;22;22;22;22;22;22;22;23;22;21;22;21;21;21;21;21;21;21;22;21;21;21;21;21;21;20;20;22;22;21;21;21;21;19;20;18;18;20;20;18;17;17;19;18;16;16;17;16;20;19;19;20;20;19;19;22;22;22;24;25;26;25;26;26;24;25;24;24;26;26;21;21;21;21;21;22;21;21;21;17;17;17;21;21;23;23;23;25;25;24;25;24;23;22;22;23;22;22;22;22;25;22;22;22;22;21;20;20;20;20;20;21;19;19;20;18;13;20;2;3;3;4;3;0;4;4;4;4;6;8;8;8;8;8;10;9;9;8;8;9;8;8;8;13;10;8
22;20;18;18;18;18;18;18;19;18;18;18;18;18;18;18;18;18;18;19;19;21;21;21;21;21;21;21;22;21;20;21;20;20;20;20;20;20;20;21;20;20;20;20;20;20;19;19;21;21;20;20;20;20;18;19;17;17;19;19;17;16;16;18;17;15;15;16;16;19;18;18;19;19;18;18;21;21;21;23;24;25;24;25;25;23;24;23;23;25;25;20;20;20;20;20;21;20;20;20;16;16;15;20;20;23;22;22;24;24;23;24;23;21;21;21;22;21;21;21;21;24;21;21;21;21;20;19;19;19;19;19;20;18;18;19;17;12;19;2;3;3;4;3;4;0;0;0;0;3;7;7;7;7;7;9;8;8;7;7;8;7;7;8;12;10;7
22;20;18;18;18;18;18;18;19;18;18;18;18;18;18;18;18;18;18;19;19;21;21;21;21;21;21;21;22;21;20;21;20;20;20;20;20;20;20;21;20;20;20;20;20;20;19;19;21;21;20;20;20;20;18;19;17;17;19;19;17;16;16;18;17;15;15;16;16;19;18;18;19;19;18;18;21;21;21;23;24;25;24;25;25;23;24;23;23;25;25;20;20;20;20;20;21;20;20;20;16;16;15;20;20;23;22;22;24;24;23;24;23;21;21;21;22;21;21;21;21;24;21;21;21;21;20;19;19;19;19;19;20;18;18;19;17;12;19;2;3;3;4;3;4;0;0;0;0;3;7;7;7;7;7;9;8;8;7;7;8;7;7;8;12;10;7
22;20;18;18;18;18;18;18;19;18;18;18;18;18;18;18;18;18;18;19;19;21;21;21;21;21;21;21;22;21;20;21;20;20;20;20;20;20;20;21;20;20;20;20;20;20;19;19;21;21;20;20;20;20;18;19;17;17;19;19;17;16;16;18;17;15;15;16;16;19;18;18;19;19;18;18;21;21;21;23;24;25;24;25;25;23;24;23;23;25;25;20;20;20;20;20;21;20;20;20;16;16;15;20;20;23;22;22;24;24;23;24;23;21;21;21;22;21;21;21;21;24;21;21;21;21;20;19;19;19;19;19;20;18;18;19;17;12;19;2;3;3;4;3;4;0;0;0;0;3;7;7;7;7;7;9;8;8;7;7;8;7;7;8;12;10;7
22;20;18;18;18;18;18;18;19;18;18;18;18;18;18;18;18;18;18;19;19;21;21;21;21;21;21;21;22;21;20;21;20;20;20;20;20;20;20;21;20;20;20;20;20;20;19;19;21;21;20;20;20;20;18;19;17;17;19;19;17;16;16;18;17;15;15;16;16;19;18;18;19;19;18;18;21;21;21;23;24;25;24;25;25;23;24;23;23;25;25;20;20;20;20;20;21;20;20;20;16;16;15;20;20;23;22;22;24;24;23;24;23;21;21;21;22;21;21;21;21;24;21;21;21;21;20;19;19;19;19;19;20;18;18;19;17;12;19;2;3;3;4;3;4;0;0;0;0;3;7;7;7;7;7;9;8;8;7;7;8;7;7;8;12;10;7
22;20;18;18;18;18;18;18;19;18;18;18;18;18;18;18;18;18;18;19;19;21;21;21;21;21;21;21;22;21;20;21;20;20;20;20;20;20;20;21;20;20;20;20;20;20;19;19;19;19;20;20;20;20;18;19;17;17;19;19;17;16;16;18;17;15;15;16;17;18;18;18;19;19;18;18;19;19;19;21;24;25;24;25;25;23;24;23;23;25;25;20;20;20;20;20;21;20;20;20;16;16;17;19;20;24;22;22;24;24;23;24;23;23;20;20;21;20;20;20;20;23;20;20;20;20;19;18;18;18;18;18;19;18;18;19;17;10;18;4;5;5;6;5;6;3;3;3;3;0;8;8;8;8;8;10;9;9;8;8;9;8;8;10;12;10;9
22;20;17;17;17;17;17;17;18;18;18;18;18;18;18;18;18;18;18;18;19;21;21;21;21;21;21;21;22;21;18;17;18;18;18;18;18;18;18;17;18;18;18;18;18;18;17;17;19;19;18;18;18;17;17;18;15;15;17;17;15;14;14;16;15;13;13;14;15;19;16;16;17;17;16;16;19;19;20;21;20;21;22;22;21;19;20;19;19;21;21;18;18;18;18;18;19;18;18;18;14;14;16;16;18;23;18;18;20;20;19;20;18;21;19;19;20;19;19;19;19;22;19;19;19;19;18;17;17;17;17;17;18;16;16;17;17;12;17;6;7;5;6;7;8;7;7;7;7;8;0;0;0;0;0;2;1;1;0;0;1;0;0;6;11;12;11
22;20;17;17;17;17;17;17;18;18;18;18;18;18;18;18;18;18;18;18;19;21;21;21;21;21;21;21;22;21;18;17;18;18;18;18;18;18;18;17;18;18;18;18;18;18;17;17;19;19;18;18;18;17;17;18;15;15;17;17;15;14;14;16;15;13;13;14;15;19;16;16;17;17;16;16;19;19;20;21;20;21;22;22;21;19;20;19;19;21;21;18;18;18;18;18;19;18;18;18;14;14;16;16;18;23;18;18;20;20;19;20;18;21;19;19;20;19;19;19;19;22;19;19;19;19;18;17;17;17;17;17;18;16;16;17;17;12;17;6;7;5;6;7;8;7;7;7;7;8;0;0;0;0;0;2;1;1;0;0;1;0;0;6;11;12;11
22;20;17;17;17;17;17;17;18;18;18;18;18;18;18;18;18;18;18;18;19;21;21;21;21;21;21;21;22;21;18;17;18;18;18;18;18;18;18;17;18;18;18;18;18;18;17;17;19;19;18;18;18;17;17;18;15;15;17;17;15;14;14;16;15;13;13;14;15;19;16;16;17;17;16;16;19;19;20;21;20;21;22;22;21;19;20;19;19;21;21;18;18;18;18;18;19;18;18;18;14;14;16;16;18;23;18;18;20;20;19;20;18;21;19;19;20;19;19;19;19;22;19;19;19;19;18;17;17;17;17;17;18;16;16;17;17;12;17;6;7;5;6;7;8;7;7;7;7;8;0;0;0;0;0;2;1;1;0;0;1;0;0;6;11;12;11
22;20;17;17;17;17;17;17;18;18;18;18;18;18;18;18;18;18;18;18;19;21;21;21;21;21;21;21;22;21;18;17;18;18;18;18;18;18;18;17;18;18;18;18;18;18;17;17;19;19;18;18;18;17;17;18;15;15;17;17;15;14;14;16;15;13;13;14;15;19;16;16;17;17;16;16;19;19;20;21;20;21;22;22;21;19;20;19;19;21;21;18;18;18;18;18;19;18;18;18;14;14;16;16;18;23;18;18;20;20;19;20;18;21;19;19;20;19;19;19;19;22;19;19;19;19;18;17;17;17;17;17;18;16;16;17;17;12;17;6;7;5;6;7;8;7;7;7;7;8;0;0;0;0;0;2;1;1;0;0;1;0;0;6;11;12;11
22;20;17;17;17;17;17;17;18;18;18;18;18;18;18;18;18;18;18;18;19;21;21;21;21;21;21;21;22;21;18;17;18;18;18;18;18;18;18;17;18;18;18;18;18;18;17;17;19;19;18;18;18;17;17;18;15;15;17;17;15;14;14;16;15;13;13;14;15;19;16;16;17;17;16;16;19;19;20;21;20;21;22;22;21;19;20;19;19;21;21;18;18;18;18;18;19;18;18;18;14;14;16;16;18;23;18;18;20;20;19;20;18;21;19;19;20;19;19;19;19;22;19;19;19;19;18;17;17;17;17;17;18;16;16;17;17;12;17;6;7;5;6;7;8;7;7;7;7;8;0;0;0;0;0;2;1;1;0;0;1;0;0;6;11;12;11
24;22;19;19;19;19;19;19;20;20;20;20;20;20;20;20;20;20;20;20;21;23;23;23;23;23;23;23;24;23;20;19;20;20;20;20;20;20;20;19;20;20;20;20;20;20;19;19;21;21;20;20;20;19;19;20;17;17;19;19;17;16;16;18;17;15;15;16;17;21;18;18;19;19;18;18;21;21;22;23;22;23;24;24;23;21;22;21;21;23;23;20;20;20;20;20;21;20;20;20;16;16;18;18;20;25;20;20;22;22;21;22;20;23;21;21;22;21;21;21;21;24;21;21;21;21;20;19;19;19;19;19;19;18;18;19;19;14;19;8;9;7;8;9;10;9;9;9;9;10;2;2;2;2;2;0;1;1;2;2;3;2;2;8;13;14;13
23;21;18;18;18;18;18;18;19;19;19;19;19;19;19;19;19;19;19;19;20;22;22;22;22;22;22;22;23;22;19;18;19;19;19;19;19;19;19;18;19;19;19;19;19;19;18;18;20;20;19;19;19;18;18;19;16;16;18;18;16;15;15;17;16;14;14;15;16;20;17;17;18;18;17;17;20;20;21;22;21;22;23;23;22;20;21;20;20;22;22;19;19;19;19;19;20;19;19;19;15;15;17;17;19;24;19;19;21;21;20;21;19;22;20;20;21;20;20;20;20;23;20;20;20;20;19;18;18;18;18;18;18;17;17;18;18;13;18;7;8;6;7;8;9;8;8;8;8;9;1;1;1;1;1;1;0;0;1;1;2;1;1;7;12;13;12
23;21;18;18;18;18;18;18;19;19;19;19;19;19;19;19;19;19;19;19;20;22;22;22;22;22;22;22;23;22;19;18;19;19;19;19;19;19;19;18;19;19;19;19;19;19;18;18;20;20;19;19;19;18;18;19;16;16;18;18;16;15;15;17;16;14;14;15;16;20;17;17;18;18;17;17;20;20;21;22;21;22;23;23;22;20;21;20;20;22;22;19;19;19;19;19;20;19;19;19;15;15;17;17;19;24;19;19;21;21;20;21;19;22;20;20;21;20;20;20;20;23;20;20;20;20;19;18;18;18;18;18;18;17;17;18;18;13;18;7;8;6;7;8;9;8;8;8;8;9;1;1;1;1;1;1;0;0;1;1;2;1;1;7;12;13;12
22;20;17;17;17;17;17;17;18;18;18;18;18;18;18;18;18;18;18;18;19;21;21;21;21;21;21;21;22;21;18;17;18;18;18;18;18;18;18;17;18;18;18;18;18;18;17;17;19;19;18;18;18;17;17;18;15;15;17;17;15;14;14;16;15;13;13;14;15;19;16;16;17;17;16;16;19;19;20;21;20;21;22;22;21;19;20;19;19;21;21;18;18;18;18;18;19;18;18;18;14;14;16;16;18;23;18;18;20;20;19;20;18;21;19;19;20;19;19;19;19;22;19;19;19;19;18;17;17;17;17;17;18;16;16;17;17;12;17;6;7;5;6;7;8;7;7;7;7;8;0;0;0;0;0;2;1;1;0;0;1;0;0;6;11;12;11
22;20;17;17;17;17;17;17;18;18;18;18;18;18;18;18;18;18;18;18;19;21;21;21;21;21;21;21;22;21;18;17;18;18;18;18;18;18;18;17;18;18;18;18;18;18;17;17;19;19;18;18;18;17;17;18;15;15;17;17;15;14;14;16;15;13;13;14;15;19;16;16;17;17;16;16;19;19;20;21;20;21;22;22;21;19;20;19;19;21;21;18;18;18;18;18;19;18;18;18;14;14;16;16;18;23;18;18;20;20;19;20;18;21;19;19;20;19;19;19;19;22;19;19;19;19;18;17;17;17;17;17;18;16;16;17;17;12;17;6;7;5;6;7;8;7;7;7;7;8;0;0;0;0;0;2;1;1;0;0;1;0;0;6;11;12;11
23;21;18;18;18;18;18;18;19;19;19;19;19;19;19;19;19;19;19;19;20;22;22;22;22;22;22;22;23;22;19;18;19;19;19;19;19;19;19;18;19;19;19;19;19;19;18;18;20;20;19;19;19;18;18;19;16;16;18;18;16;15;15;17;16;14;14;15;16;20;17;17;18;18;17;17;20;20;21;22;21;22;23;23;22;20;21;20;20;22;22;19;19;19;19;19;20;19;19;19;15;15;17;17;19;24;19;19;21;21;20;21;19;22;20;20;21;20;20;20;20;23;20;20;20;20;19;18;18;18;18;18;19;17;17;18;18;13;18;7;8;6;7;8;9;8;8;8;8;9;1;1;1;1;1;3;2;2;1;1;0;1;1;7;12;13;12
22;20;17;17;17;17;17;17;18;18;18;18;18;18;18;18;18;18;18;18;19;21;21;21;21;21;21;21;22;21;18;17;18;18;18;18;18;18;18;17;18;18;18;18;18;18;17;17;19;19;18;18;18;17;17;18;15;15;17;17;15;14;14;16;15;13;13;14;15;19;16;16;17;17;16;16;19;19;20;21;20;21;22;22;21;19;20;19;19;21;21;18;18;18;18;18;19;18;18;18;14;14;16;16;18;23;18;18;20;20;19;20;18;21;19;19;20;19;19;19;19;22;19;19;19;19;18;17;17;17;17;17;18;16;16;17;17;12;17;6;7;5;6;7;8;7;7;7;7;8;0;0;0;0;0;2;1;1;0;0;1;0;0;6;11;12;11
22;20;17;17;17;17;17;17;18;18;18;18;18;18;18;18;18;18;18;18;19;21;21;21;21;21;21;21;22;21;18;17;18;18;18;18;18;18;18;17;18;18;18;18;18;18;17;17;19;19;18;18;18;17;17;18;15;15;17;17;15;14;14;16;15;13;13;14;15;19;16;16;17;17;16;16;19;19;20;21;20;21;22;22;21;19;20;19;19;21;21;18;18;18;18;18;19;18;18;18;14;14;16;16;18;23;18;18;20;20;19;20;18;21;19;19;20;19;19;19;19;22;19;19;19;19;18;17;17;17;17;17;18;16;16;17;17;12;17;6;7;5;6;7;8;7;7;7;7;8;0;0;0;0;0;2;1;1;0;0;1;0;0;6;11;12;11
24;22;19;19;19;19;19;19;20;20;20;20;20;20;20;20;20;20;20;20;21;23;23;23;23;23;23;23;24;23;18;19;18;18;18;18;18;18;18;17;18;19;19;19;19;19;18;18;20;19;18;18;18;17;19;20;17;17;19;19;17;16;16;18;17;15;15;16;15;20;16;16;17;17;16;16;19;19;20;21;20;21;22;22;21;19;20;19;19;21;21;18;18;18;18;18;19;18;18;18;16;16;16;17;19;26;21;21;23;23;22;23;20;22;20;20;21;20;20;20;20;23;20;20;20;20;18;17;17;17;17;17;20;17;17;18;18;13;18;6;7;7;8;7;8;8;8;8;8;10;6;6;6;6;6;8;7;7;6;6;7;6;6;0;11;10;10
22;20;20;20;20;20;20;20;21;21;21;21;21;21;21;21;21;21;21;21;20;22;22;22;22;22;22;22;23;22;17;18;17;17;17;17;17;17;17;18;17;18;18;18;18;18;18;18;19;18;17;17;17;16;18;19;18;18;20;20;18;17;15;17;16;16;16;17;18;20;17;17;18;18;17;17;22;22;22;24;20;21;22;22;21;21;22;21;22;21;21;19;19;19;19;19;20;20;20;20;17;17;17;21;22;26;23;23;24;24;23;23;23;24;20;20;21;20;20;20;20;23;20;20;20;20;19;18;17;18;18;18;21;20;20;21;19;17;19;11;12;12;13;12;13;12;12;12;12;12;11;11;11;11;11;13;12;12;11;11;12;11;11;11;0;13;12
26;24;21;21;21;21;21;21;22;21;21;21;21;21;21;21;22;21;21;22;23;25;25;25;25;25;25;25;26;25;20;21;20;20;20;20;20;20;20;21;20;21;21;21;21;21;20;20;20;19;20;20;20;20;22;23;18;18;20;20;18;17;15;19;18;16;16;17;16;19;17;17;18;18;17;17;20;20;20;22;21;22;23;23;22;20;21;20;20;22;22;19;19;19;19;19;20;19;19;19;16;16;17;18;22;26;24;24;26;25;24;26;22;25;20;20;21;20;20;20;20;23;20;20;20;20;20;18;19;18;18;18;21;21;21;22;20;18;19;8;9;9;10;9;10;10;10;10;10;10;12;12;12;12;12;14;13;13;12;12;13;12;12;10;13;0;10
23;21;18;18;18;18;18;18;17;18;18;18;18;18;18;18;19;18;18;19;20;20;20;20;20;20;20;20;21;22;19;20;19;19;19;19;19;19;19;20;19;20;20;20;20;20;21;21;21;20;19;19;19;19;19;20;17;17;19;19;17;16;18;18;17;15;15;16;16;19;16;16;17;17;16;16;19;19;19;21;22;23;22;23;23;21;22;21;21;23;23;18;18;18;18;18;19;18;18;18;16;16;14;18;19;24;23;23;25;25;24;25;23;23;19;19;20;19;19;19;19;22;19;19;19;19;19;17;18;17;17;17;20;21;21;22;20;15;20;6;7;7;8;7;8;7;7;7;7;9;11;11;11;11;11;13;12;12;11;11;12;11;11;10;12;10;0
