0;9;12;13;12;12;12;12;13;11;11;11;12;12;12;12;12;13;12;18;14;23;23;23;23;23;23;24;25;23;51;52;51;52;51;51;51;51;51;52;52;53;53;53;55;55;56;54;53;51;50;50;50;52;54;56;51;52;57;57;51;51;42;44;43;43;43;48;47;66;47;46;49;49;46;47;59;58;58;63;57;57;66;64;64;69;70;68;68;74;75;57;57;57;57;57;59;58;58;58;60;60;58;76;68;82;76;75;77;76;75;78;78;70;84;84;85;84;84;84;86;89;85;84;83;82;87;84;81;83;83;83;83;101;101;101;97;97;111;90;92;91;93;91;92;84;84;86;84;93;93;93;93;94;93;95;94;94;94;93;94;93;93;91;87;92;88
9;0;7;8;7;7;7;7;8;6;6;6;7;7;7;7;7;8;7;13;7;22;22;22;22;22;22;21;24;20;44;45;44;45;44;44;44;44;44;45;45;46;46;46;48;46;49;47;46;44;43;43;43;45;47;49;44;45;50;50;44;44;37;37;36;36;36;41;42;59;46;45;48;46;45;46;54;53;53;58;53;53;60;58;58;65;66;64;64;70;71;54;54;54;54;54;56;55;55;55;55;55;53;69;65;80;69;68;72;71;70;73;73;69;81;81;82;81;81;81;83;86;82;81;80;79;84;81;78;80;80;80;80;94;94;94;90;90;106;87;89;88;90;88;89;83;83;85;83;90;91;91;91;92;91;93;92;92;92;91;92;91;91;86;84;89;85
12;7;0;1;0;0;0;0;1;1;1;1;2;2;2;2;2;3;2;6;10;21;21;21;21;21;21;22;23;21;47;48;47;48;47;47;47;47;47;48;48;49;49;49;51;51;52;50;49;47;46;46;46;46;48;50;43;44;49;49;43;43;38;38;37;35;35;40;41;60;43;42;45;45;42;43;53;52;52;57;52;52;61;59;59;60;61;59;59;67;68;51;51;51;51;51;53;52;52;52;54;54;52;68;64;81;70;69;73;72;71;74;70;67;75;75;76;75;75;75;77;80;76;75;74;73;78;75;74;74;74;74;74;96;96;96;92;90;106;83;85;84;86;84;85;77;77;79;77;86;87;87;87;88;87;89;88;88;88;87;88;87;87;84;85;86;82
13;8;1;0;1;1;1;1;2;2;2;2;3;3;3;3;3;4;3;7;11;22;22;22;22;22;22;23;24;22;48;49;48;49;48;48;48;48;48;49;49;50;50;50;52;52;53;51;50;48;47;47;47;47;49;51;44;45;50;50;44;44;39;39;38;36;36;41;42;61;44;43;46;46;43;44;54;53;53;58;53;53;62;60;60;61;62;60;60;68;69;52;52;52;52;52;54;53;53;53;55;55;53;69;65;82;71;70;74;73;72;75;71;68;76;76;77;76;76;76;78;81;77;76;75;74;79;76;75;75;75;75;75;97;97;97;93;91;107;84;86;85;87;85;86;78;78;80;78;87;88;88;88;89;88;90;89;89;89;88;89;88;88;85;86;87;83
12;7;0;1;0;0;0;0;1;1;1;1;2;2;2;2;2;3;2;6;10;21;21;21;21;21;21;22;23;21;47;48;47;48;47;47;47;47;47;48;48;49;49;49;51;51;52;50;49;47;46;46;46;46;48;50;43;44;49;49;43;43;38;38;37;35;35;40;41;60;43;42;45;45;42;43;53;52;52;57;52;52;61;59;59;60;61;59;59;67;68;51;51;51;51;51;53;52;52;52;54;54;52;68;64;81;70;69;73;72;71;74;70;67;75;75;76;75;75;75;77;80;76;75;74;73;78;75;74;74;74;74;74;96;96;96;92;90;106;83;85;84;86;84;85;77;77;79;77;86;87;87;87;88;87;89;88;88;88;87;88;87;87;84;85;86;82
12;7;0;1;0;0;0;0;1;1;1;1;2;2;2;2;2;3;2;6;10;21;21;21;21;21;21;22;23;21;47;48;47;48;47;47;47;47;47;48;48;49;49;49;51;51;52;50;49;47;46;46;46;46;48;50;43;44;49;49;43;43;38;38;37;35;35;40;41;60;43;42;45;45;42;43;53;52;52;57;52;52;61;59;59;60;61;59;59;67;68;51;51;51;51;51;53;52;52;52;54;54;52;68;64;81;70;69;73;72;71;74;70;67;75;75;76;75;75;75;77;80;76;75;74;73;78;75;74;74;74;74;74;96;96;96;92;90;106;83;85;84;86;84;85;77;77;79;77;86;87;87;87;88;87;89;88;88;88;87;88;87;87;84;85;86;82
12;7;0;1;0;0;0;0;1;1;1;1;2;2;2;2;2;3;2;6;10;21;21;21;21;21;21;22;23;21;47;48;47;48;47;47;47;47;47;48;48;49;49;49;51;51;52;50;49;47;46;46;46;46;48;50;43;44;49;49;43;43;38;38;37;35;35;40;41;60;43;42;45;45;42;43;53;52;52;57;52;52;61;59;59;60;61;59;59;67;68;51;51;51;51;51;53;52;52;52;54;54;52;68;64;81;70;69;73;72;71;74;70;67;75;75;76;75;75;75;77;80;76;75;74;73;78;75;74;74;74;74;74;96;96;96;92;90;106;83;85;84;86;84;85;77;77;79;77;86;87;87;87;88;87;89;88;88;88;87;88;87;87;84;85;86;82
12;7;0;1;0;0;0;0;1;1;1;1;2;2;2;2;2;3;2;6;10;21;21;21;21;21;21;22;23;21;47;48;47;48;47;47;47;47;47;48;48;49;49;49;51;51;52;50;49;47;46;46;46;46;48;50;43;44;49;49;43;43;38;38;37;35;35;40;41;60;43;42;45;45;42;43;53;52;52;57;52;52;61;59;59;60;61;59;59;67;68;51;51;51;51;51;53;52;52;52;54;54;52;68;64;81;70;69;73;72;71;74;70;67;75;75;76;75;75;75;77;80;76;75;74;73;78;75;74;74;74;74;74;96;96;96;92;90;106;83;85;84;86;84;85;77;77;79;77;86;87;87;87;88;87;89;88;88;88;87;88;87;87;84;85;86;82
13;8;1;2;1;1;1;1;0;2;2;2;3;3;3;3;3;4;3;7;11;20;20;20;20;20;20;21;22;22;48;49;48;49;48;48;48;48;48;49;49;50;50;50;52;52;53;51;50;48;47;47;47;47;49;51;44;45;50;50;44;44;39;39;38;36;36;41;42;61;44;43;46;46;43;44;54;53;53;58;53;53;62;60;60;61;62;60;60;68;69;52;52;52;52;52;54;53;53;53;55;55;53;69;65;82;71;70;74;73;72;75;71;68;76;76;77;76;76;76;78;81;77;76;75;74;79;76;75;75;75;75;75;97;97;97;93;91;107;84;86;85;87;85;86;78;78;80;78;87;88;88;88;89;88;90;89;89;89;88;89;88;88;85;86;87;81
11;6;1;2;1;1;1;1;2;0;0;0;1;1;1;1;1;2;1;7;9;20;20;20;20;20;20;21;22;20;46;47;46;47;46;46;46;46;46;47;47;48;48;48;50;50;51;49;48;46;45;45;45;47;49;51;42;43;48;48;42;42;37;37;36;34;34;39;40;59;42;41;44;44;41;42;52;51;51;56;51;51;60;58;58;61;62;60;60;68;69;50;50;50;50;50;52;51;51;51;53;53;51;67;63;80;69;68;72;71;70;73;71;67;75;75;76;75;75;75;77;80;76;75;74;73;78;75;74;74;74;74;74;96;96;96;92;90;106;84;86;85;87;85;86;78;78;80;78;87;88;88;88;89;88;90;89;89;89;88;89;88;88;85;86;87;83
11;6;1;2;1;1;1;1;2;0;0;0;1;1;1;1;1;2;1;7;9;20;20;20;20;20;20;21;22;20;46;47;46;47;46;46;46;46;46;47;47;48;48;48;50;50;51;49;48;46;45;45;45;47;49;51;42;43;48;48;42;42;37;37;36;34;34;39;40;59;42;41;44;44;41;42;52;51;51;56;51;51;60;58;58;61;62;60;60;68;69;50;50;50;50;50;52;51;51;51;53;53;51;67;63;80;69;68;72;71;70;73;71;67;75;75;76;75;75;75;77;80;76;75;74;73;78;75;74;74;74;74;74;96;96;96;92;90;106;84;86;85;87;85;86;78;78;80;78;87;88;88;88;89;88;90;89;89;89;88;89;88;88;85;86;87;83
11;6;1;2;1;1;1;1;2;0;0;0;1;1;1;1;1;2;1;7;9;20;20;20;20;20;20;21;22;20;46;47;46;47;46;46;46;46;46;47;47;48;48;48;50;50;51;49;48;46;45;45;45;47;49;51;42;43;48;48;42;42;37;37;36;34;34;39;40;59;42;41;44;44;41;42;52;51;51;56;51;51;60;58;58;61;62;60;60;68;69;50;50;50;50;50;52;51;51;51;53;53;51;67;63;80;69;68;72;71;70;73;71;67;75;75;76;75;75;75;77;80;76;75;74;73;78;75;74;74;74;74;74;96;96;96;92;90;106;84;86;85;87;85;86;78;78;80;78;87;88;88;88;89;88;90;89;89;89;88;89;88;88;85;86;87;83
12;7;2;3;2;2;2;2;3;1;1;1;0;2;2;2;2;3;2;8;10;21;21;21;21;21;21;22;23;21;47;48;47;48;47;47;47;47;47;48;48;49;49;49;51;51;52;50;49;47;46;46;46;48;50;52;43;44;49;49;43;43;38;38;37;35;35;40;41;60;43;42;45;45;42;43;53;52;52;57;52;52;61;59;59;62;63;61;61;69;70;51;51;51;51;51;53;52;52;52;53;53;51;67;63;81;69;68;72;71;70;73;71;67;75;75;76;75;75;75;77;80;76;75;74;73;78;75;74;74;74;74;74;96;96;96;92;90;106;84;86;85;87;85;86;78;78;80;78;87;88;88;88;89;88;90;89;89;89;88;89;88;88;85;86;87;83
12;7;2;3;2;2;2;2;3;1;1;1;2;0;2;2;2;3;2;8;10;21;21;21;21;21;21;22;23;21;47;48;47;48;47;47;47;47;47;48;48;49;49;49;51;51;52;50;49;47;46;46;46;48;50;52;43;44;49;49;43;43;38;38;37;35;35;40;39;60;43;42;45;45;42;43;51;50;50;55;50;52;61;59;59;62;63;61;61;69;70;51;51;51;51;51;53;52;52;52;54;54;52;66;62;81;68;67;73;72;71;74;70;68;76;76;77;76;76;76;78;81;77;76;75;74;79;76;75;75;75;75;75;97;97;97;93;91;107;85;87;86;86;86;87;79;79;81;79;88;89;89;89;90;89;91;90;90;90;89;90;89;89;86;87;88;84
12;7;2;3;2;2;2;2;3;1;1;1;2;2;0;2;2;3;2;6;10;21;21;21;21;21;21;22;23;21;47;48;47;48;47;47;47;47;47;48;48;49;49;49;51;51;52;50;49;47;46;46;46;48;48;50;43;44;49;49;43;43;38;38;37;35;35;40;41;60;43;42;45;45;42;43;53;52;52;57;52;52;61;59;59;62;63;61;61;69;70;51;51;51;51;51;53;52;52;52;54;54;52;66;64;81;70;69;73;72;71;74;72;68;74;74;75;74;74;74;76;79;75;74;73;72;77;74;73;73;73;73;73;97;97;97;93;91;105;85;87;86;88;86;87;79;79;81;79;88;89;89;89;90;89;91;90;90;90;89;90;89;89;86;87;88;84
12;7;2;3;2;2;2;2;3;1;1;1;2;2;2;0;2;3;2;8;10;21;21;21;21;21;21;22;23;21;47;48;47;48;47;47;47;47;47;48;48;49;49;49;51;51;52;50;49;47;46;46;46;48;50;52;41;42;47;47;41;41;38;38;37;35;35;40;41;58;42;41;44;44;41;42;52;51;51;56;51;51;60;58;58;61;62;60;60;68;69;50;50;50;50;50;52;51;51;51;53;53;51;67;63;80;69;68;72;71;70;73;71;66;75;75;76;75;75;75;77;80;76;75;74;73;78;75;74;74;74;74;74;96;96;96;92;90;106;84;86;85;87;85;86;78;78;80;78;87;88;88;88;89;88;90;89;89;89;88;89;88;88;85;86;87;83
12;7;2;3;2;2;2;2;3;1;1;1;2;2;2;2;0;3;2;8;9;20;20;20;20;20;20;21;22;20;46;47;46;47;46;46;46;46;46;47;47;48;48;48;50;50;51;49;48;46;45;45;45;47;49;51;43;44;49;49;43;43;38;38;37;35;35;40;41;60;43;42;45;45;42;43;53;52;52;57;52;52;61;59;59;62;63;61;61;69;70;51;51;51;51;51;53;52;52;52;54;54;52;68;64;81;69;68;71;70;70;74;72;68;76;76;77;76;76;76;78;81;77;76;75;74;78;76;75;75;75;75;75;96;96;96;92;90;107;85;87;86;88;86;87;79;79;81;79;88;89;89;89;90;89;91;90;90;90;89;90;89;89;86;87;88;84
13;8;3;4;3;3;3;3;4;2;2;2;3;3;3;3;3;0;1;9;11;22;22;22;22;22;22;23;24;22;46;47;46;47;46;46;46;46;46;47;47;48;48;48;50;50;51;49;48;46;45;45;45;47;49;51;42;43;48;48;42;42;37;37;36;34;34;39;40;57;43;42;45;45;42;43;53;52;52;57;50;50;59;57;57;60;61;59;59;67;68;51;51;51;51;51;53;52;52;52;54;54;50;68;64;81;70;69;73;72;71;74;70;68;76;76;77;76;76;76;78;81;77;76;75;74;79;76;75;75;75;75;75;97;97;97;93;91;105;85;87;86;88;86;87;79;79;81;79;88;89;89;89;90;89;91;90;90;90;89;90;89;89;86;87;88;84
12;7;2;3;2;2;2;2;3;1;1;1;2;2;2;2;2;1;0;8;10;21;21;21;21;21;21;22;23;21;47;48;47;48;47;47;47;47;47;48;48;49;49;49;51;51;52;50;49;47;46;46;46;48;50;52;43;44;49;49;43;43;38;38;37;35;35;40;41;58;43;42;45;45;42;43;53;52;52;57;50;50;59;57;57;60;61;59;59;67;68;51;51;51;51;51;53;52;52;52;54;54;50;68;64;81;70;69;73;72;71;74;70;68;76;76;77;76;76;76;78;81;77;76;75;74;79;76;75;75;75;75;75;97;97;97;93;91;105;85;87;86;88;86;87;79;79;81;79;88;89;89;89;90;89;91;90;90;90;89;90;89;89;86;87;88;84
18;13;6;7;6;6;6;6;7;7;7;7;8;8;6;8;8;9;8;0;16;27;27;27;27;27;27;28;29;27;51;52;51;52;51;51;51;51;51;52;52;53;53;53;55;55;56;54;53;51;50;50;50;50;50;52;47;48;51;51;47;47;42;42;41;39;39;44;45;64;47;46;49;49;46;47;55;54;54;59;56;54;65;63;63;62;63;61;61;69;70;49;49;49;49;49;51;50;50;50;56;56;54;68;64;81;70;71;75;74;73;76;72;69;73;73;72;73;73;73;75;78;74;73;72;71;76;73;72;72;72;72;72;98;98;98;96;92;108;83;85;84;86;86;85;77;77;79;77;84;87;87;87;88;87;89;88;88;88;87;88;87;87;84;83;86;80
14;7;10;11;10;10;10;10;11;9;9;9;10;10;10;10;9;11;10;16;0;20;20;20;20;20;20;21;22;17;41;42;41;42;41;41;41;41;41;42;42;43;43;43;43;45;46;44;43;41;40;40;40;42;44;46;45;46;51;51;45;45;38;38;37;37;37;42;45;60;49;48;51;49;48;49;55;54;54;59;56;56;65;63;63;68;69;67;67;73;74;55;55;55;55;55;57;56;56;56;58;58;58;74;70;84;70;69;74;73;71;76;76;74;83;83;84;83;83;83;85;88;84;83;82;81;84;83;80;82;82;82;82;97;97;98;93;91;108;91;91;90;92;92;93;85;85;87;85;94;93;93;93;94;93;95;94;94;94;93;94;93;93;90;88;93;89
23;22;21;22;21;21;21;21;20;20;20;20;21;21;21;21;20;22;21;27;20;0;0;0;0;0;0;1;2;13;53;54;53;54;53;53;53;53;53;54;54;53;53;53;55;55;56;56;55;53;52;52;52;54;56;58;56;57;62;62;56;56;49;49;48;48;48;53;56;60;57;56;59;59;56;55;68;67;67;72;64;64;67;67;67;76;77;75;75;79;80;63;63;63;63;63;65;64;64;64;65;65;65;79;71;87;76;75;79;78;77;82;81;70;84;84;85;84;84;84;82;87;85;84;83;82;86;84;85;81;81;81;81;103;103;104;99;100;115;94;96;95;97;95;96;89;89;91;89;100;99;99;99;100;99;101;100;100;100;99;100;99;99;94;94;97;88
23;22;21;22;21;21;21;21;20;20;20;20;21;21;21;21;20;22;21;27;20;0;0;0;0;0;0;1;2;13;53;54;53;54;53;53;53;53;53;54;54;53;53;53;55;55;56;56;55;53;52;52;52;54;56;58;56;57;62;62;56;56;49;49;48;48;48;53;56;60;57;56;59;59;56;55;68;67;67;72;64;64;67;67;67;76;77;75;75;79;80;63;63;63;63;63;65;64;64;64;65;65;65;79;71;87;76;75;79;78;77;82;81;70;84;84;85;84;84;84;82;87;85;84;83;82;86;84;85;81;81;81;81;103;103;104;99;100;115;94;96;95;97;95;96;89;89;91;89;100;99;99;99;100;99;101;100;100;100;99;100;99;99;94;94;97;88
23;22;21;22;21;21;21;21;20;20;20;20;21;21;21;21;20;22;21;27;20;0;0;0;0;0;0;1;2;13;53;54;53;54;53;53;53;53;53;54;54;53;53;53;55;55;56;56;55;53;52;52;52;54;56;58;56;57;62;62;56;56;49;49;48;48;48;53;56;60;57;56;59;59;56;55;68;67;67;72;64;64;67;67;67;76;77;75;75;79;80;63;63;63;63;63;65;64;64;64;65;65;65;79;71;87;76;75;79;78;77;82;81;70;84;84;85;84;84;84;82;87;85;84;83;82;86;84;85;81;81;81;81;103;103;104;99;100;115;94;96;95;97;95;96;89;89;91;89;100;99;99;99;100;99;101;100;100;100;99;100;99;99;94;94;97;88
23;22;21;22;21;21;21;21;20;20;20;20;21;21;21;21;20;22;21;27;20;0;0;0;0;0;0;1;2;13;53;54;53;54;53;53;53;53;53;54;54;53;53;53;55;55;56;56;55;53;52;52;52;54;56;58;56;57;62;62;56;56;49;49;48;48;48;53;56;60;57;56;59;59;56;55;68;67;67;72;64;64;67;67;67;76;77;75;75;79;80;63;63;63;63;63;65;64;64;64;65;65;65;79;71;87;76;75;79;78;77;82;81;70;84;84;85;84;84;84;82;87;85;84;83;82;86;84;85;81;81;81;81;103;103;104;99;100;115;94;96;95;97;95;96;89;89;91;89;100;99;99;99;100;99;101;100;100;100;99;100;99;99;94;94;97;88
23;22;21;22;21;21;21;21;20;20;20;20;21;21;21;21;20;22;21;27;20;0;0;0;0;0;0;1;2;13;53;54;53;54;53;53;53;53;53;54;54;53;53;53;55;55;56;56;55;53;52;52;52;54;56;58;56;57;62;62;56;56;49;49;48;48;48;53;56;60;57;56;59;59;56;55;68;67;67;72;64;64;67;67;67;76;77;75;75;79;80;63;63;63;63;63;65;64;64;64;65;65;65;79;71;87;76;75;79;78;77;82;81;70;84;84;85;84;84;84;82;87;85;84;83;82;86;84;85;81;81;81;81;103;103;104;99;100;115;94;96;95;97;95;96;89;89;91;89;100;99;99;99;100;99;101;100;100;100;99;100;99;99;94;94;97;88
23;22;21;22;21;21;21;21;20;20;20;20;21;21;21;21;20;22;21;27;20;0;0;0;0;0;0;1;2;13;53;54;53;54;53;53;53;53;53;54;54;53;53;53;55;55;56;56;55;53;52;52;52;54;56;58;56;57;62;62;56;56;49;49;48;48;48;53;56;60;57;56;59;59;56;55;68;67;67;72;64;64;67;67;67;76;77;75;75;79;80;63;63;63;63;63;65;64;64;64;65;65;65;79;71;87;76;75;79;78;77;82;81;70;84;84;85;84;84;84;82;87;85;84;83;82;86;84;85;81;81;81;81;103;103;104;99;100;115;94;96;95;97;95;96;89;89;91;89;100;99;99;99;100;99;101;100;100;100;99;100;99;99;94;94;97;88
24;21;22;23;22;22;22;22;21;21;21;21;22;22;22;22;21;23;22;28;21;1;1;1;1;1;1;0;3;14;54;55;54;55;54;54;54;54;54;55;55;54;54;54;56;54;57;57;56;54;53;53;53;55;57;59;57;58;63;63;57;57;50;50;49;49;49;54;57;61;58;57;60;60;57;56;69;68;68;73;65;65;66;66;66;77;78;76;76;80;81;64;64;64;64;64;66;65;65;65;64;64;64;78;70;86;75;74;78;77;76;81;80;69;85;85;86;85;85;85;83;88;86;85;84;83;87;85;86;82;82;82;82;102;102;103;98;99;114;93;95;94;96;94;95;90;90;92;90;99;98;98;98;99;98;100;99;99;99;98;99;98;98;93;93;96;87
25;24;23;24;23;23;23;23;22;22;22;22;23;23;23;23;22;24;23;29;22;2;2;2;2;2;2;3;0;15;53;54;53;54;53;53;53;53;53;54;54;53;53;53;55;55;56;56;55;53;52;52;52;54;56;58;58;59;64;64;58;58;51;51;50;50;50;55;58;62;59;58;61;61;56;57;70;69;69;74;66;66;67;67;67;77;78;76;77;80;81;65;65;65;65;65;67;66;66;66;67;67;67;81;73;89;78;77;81;80;79;84;83;70;85;85;86;85;85;85;83;88;86;85;84;83;87;85;86;82;82;82;82;103;103;104;99;100;117;96;98;97;99;97;98;91;91;93;91;102;101;101;101;102;101;103;102;102;102;101;102;101;101;96;96;99;88
23;20;21;22;21;21;21;21;22;20;20;20;21;21;21;21;20;22;21;27;17;13;13;13;13;13;13;14;15;0;52;53;52;53;52;52;52;52;52;53;53;54;54;54;56;56;57;55;54;52;51;51;51;53;55;57;56;57;62;62;56;56;49;49;48;50;50;55;58;62;57;56;59;59;56;55;68;67;67;72;64;64;71;69;69;76;77;75;75;79;80;66;66;66;66;66;68;67;67;67;65;65;65;77;71;89;74;73;76;75;72;76;80;71;86;86;87;86;86;86;86;89;87;86;85;84;87;86;85;83;83;83;83;101;101;102;97;99;112;95;97;96;98;96;97;90;90;92;90;99;98;98;98;99;98;100;99;99;99;98;99;98;98;97;93;100;94
51;44;47;48;47;47;47;47;48;46;46;46;47;47;47;47;46;46;47;51;41;53;53;53;53;53;53;54;53;52;0;1;0;1;0;0;0;0;0;1;1;2;2;2;4;4;5;3;2;2;1;1;1;1;7;9;40;41;46;47;40;40;29;27;26;28;28;31;39;48;39;38;41;39;36;37;43;42;42;46;47;47;54;53;51;57;58;56;57;58;59;48;48;48;48;48;50;49;49;49;59;59;57;68;72;86;73;72;79;78;76;83;77;75;75;75;76;75;75;75;77;80;76;75;74;73;76;75;74;76;76;76;78;102;102;103;98;95;102;99;99;98;100;101;101;97;97;99;97;104;104;104;104;105;104;106;105;105;105;104;105;104;104;91;93;99;89
52;45;48;49;48;48;48;48;49;47;47;47;48;48;48;48;47;47;48;52;42;54;54;54;54;54;54;55;54;53;1;0;1;2;1;1;1;1;1;2;2;3;3;3;5;5;6;4;3;3;2;2;2;2;8;10;41;42;47;48;41;41;30;28;27;29;29;32;40;49;40;39;42;40;37;38;44;43;43;47;48;48;55;54;52;58;59;57;58;59;60;49;49;49;49;49;51;50;50;50;60;60;58;69;73;87;74;73;80;79;77;84;78;76;76;76;77;76;76;76;78;81;77;76;75;74;77;76;75;77;77;77;79;103;103;104;99;96;103;100;100;97;99;102;102;98;98;100;98;105;103;103;103;104;103;105;104;104;104;103;104;103;103;92;94;100;90
51;44;47;48;47;47;47;47;48;46;46;46;47;47;47;47;46;46;47;51;41;53;53;53;53;53;53;54;53;52;0;1;0;1;0;0;0;0;0;1;1;2;2;2;4;4;5;3;2;2;1;1;1;1;7;9;40;41;46;47;40;40;29;27;26;28;28;31;39;48;39;38;41;39;36;37;43;42;42;46;47;47;54;53;51;57;58;56;57;58;59;48;48;48;48;48;50;49;49;49;59;59;57;68;72;86;73;72;79;78;76;83;77;75;75;75;76;75;75;75;77;80;76;75;74;73;76;75;74;76;76;76;78;102;102;103;98;95;102;99;99;98;100;101;101;97;97;99;97;104;104;104;104;105;104;106;105;105;105;104;105;104;104;91;93;99;89
52;45;48;49;48;48;48;48;49;47;47;47;48;48;48;48;47;47;48;52;42;54;54;54;54;54;54;55;54;53;1;2;1;0;1;1;1;1;1;2;2;3;3;3;5;5;6;4;3;3;2;2;2;2;8;10;41;42;47;48;41;41;30;28;27;29;29;32;40;49;40;39;42;40;37;38;44;43;43;47;48;48;55;54;52;58;59;57;58;59;60;49;49;49;49;49;51;50;50;50;60;60;58;69;73;87;74;73;80;79;77;84;78;76;76;76;77;76;76;76;78;81;77;76;75;74;77;76;75;77;77;77;79;103;103;104;99;96;103;100;100;99;101;102;102;98;98;100;98;103;105;105;105;106;105;107;106;106;106;105;106;105;105;92;94;100;90
51;44;47;48;47;47;47;47;48;46;46;46;47;47;47;47;46;46;47;51;41;53;53;53;53;53;53;54;53;52;0;1;0;1;0;0;0;0;0;1;1;2;2;2;4;4;5;3;2;2;1;1;1;1;7;9;40;41;46;47;40;40;29;27;26;28;28;31;39;48;39;38;41;39;36;37;43;42;42;46;47;47;54;53;51;57;58;56;57;58;59;48;48;48;48;48;50;49;49;49;59;59;57;68;72;86;73;72;79;78;76;83;77;75;75;75;76;75;75;75;77;80;76;75;74;73;76;75;74;76;76;76;78;102;102;103;98;95;102;99;99;98;100;101;101;97;97;99;97;104;104;104;104;105;104;106;105;105;105;104;105;104;104;91;93;99;89
51;44;47;48;47;47;47;47;48;46;46;46;47;47;47;47;46;46;47;51;41;53;53;53;53;53;53;54;53;52;0;1;0;1;0;0;0;0;0;1;1;2;2;2;4;4;5;3;2;2;1;1;1;1;7;9;40;41;46;47;40;40;29;27;26;28;28;31;39;48;39;38;41;39;36;37;43;42;42;46;47;47;54;53;51;57;58;56;57;58;59;48;48;48;48;48;50;49;49;49;59;59;57;68;72;86;73;72;79;78;76;83;77;75;75;75;76;75;75;75;77;80;76;75;74;73;76;75;74;76;76;76;78;102;102;103;98;95;102;99;99;98;100;101;101;97;97;99;97;104;104;104;104;105;104;106;105;105;105;104;105;104;104;91;93;99;89
51;44;47;48;47;47;47;47;48;46;46;46;47;47;47;47;46;46;47;51;41;53;53;53;53;53;53;54;53;52;0;1;0;1;0;0;0;0;0;1;1;2;2;2;4;4;5;3;2;2;1;1;1;1;7;9;40;41;46;47;40;40;29;27;26;28;28;31;39;48;39;38;41;39;36;37;43;42;42;46;47;47;54;53;51;57;58;56;57;58;59;48;48;48;48;48;50;49;49;49;59;59;57;68;72;86;73;72;79;78;76;83;77;75;75;75;76;75;75;75;77;80;76;75;74;73;76;75;74;76;76;76;78;102;102;103;98;95;102;99;99;98;100;101;101;97;97;99;97;104;104;104;104;105;104;106;105;105;105;104;105;104;104;91;93;99;89
51;44;47;48;47;47;47;47;48;46;46;46;47;47;47;47;46;46;47;51;41;53;53;53;53;53;53;54;53;52;0;1;0;1;0;0;0;0;0;1;1;2;2;2;4;4;5;3;2;2;1;1;1;1;7;9;40;41;46;47;40;40;29;27;26;28;28;31;39;48;39;38;41;39;36;37;43;42;42;46;47;47;54;53;51;57;58;56;57;58;59;48;48;48;48;48;50;49;49;49;59;59;57;68;72;86;73;72;79;78;76;83;77;75;75;75;76;75;75;75;77;80;76;75;74;73;76;75;74;76;76;76;78;102;102;103;98;95;102;99;99;98;100;101;101;97;97;99;97;104;104;104;104;105;104;106;105;105;105;104;105;104;104;91;93;99;89
51;44;47;48;47;47;47;47;48;46;46;46;47;47;47;47;46;46;47;51;41;53;53;53;53;53;53;54;53;52;0;1;0;1;0;0;0;0;0;1;1;2;2;2;4;4;5;3;2;2;1;1;1;1;7;9;40;41;46;47;40;40;29;27;26;28;28;31;39;48;39;38;41;39;36;37;43;42;42;46;47;47;54;53;51;57;58;56;57;58;59;48;48;48;48;48;50;49;49;49;59;59;57;68;72;86;73;72;79;78;76;83;77;75;75;75;76;75;75;75;77;80;76;75;74;73;76;75;74;76;76;76;78;102;102;103;98;95;102;99;99;98;100;101;101;97;97;99;97;104;104;104;104;105;104;106;105;105;105;104;105;104;104;91;93;99;89
52;45;48;49;48;48;48;48;49;47;47;47;48;48;48;48;47;47;48;52;42;54;54;54;54;54;54;55;54;53;1;2;1;2;1;1;1;1;1;0;2;3;3;3;5;5;6;4;3;3;2;2;2;2;8;10;41;42;47;48;41;41;30;28;27;29;29;32;40;49;40;39;42;40;37;38;42;41;42;45;46;46;53;52;50;56;57;55;56;57;58;49;49;49;49;49;51;50;50;50;60;60;58;67;71;87;72;71;78;77;75;82;76;74;76;76;77;76;76;76;78;81;77;76;75;74;77;76;75;77;77;77;79;101;101;102;99;94;101;100;100;99;101;102;102;98;98;100;98;105;103;103;103;104;103;105;104;104;104;103;104;103;103;90;94;100;90
52;45;48;49;48;48;48;48;49;47;47;47;48;48;48;48;47;47;48;52;42;54;54;54;54;54;54;55;54;53;1;2;1;2;1;1;1;1;1;2;0;3;3;3;5;5;6;4;3;3;2;2;2;2;8;10;41;42;47;48;41;41;30;28;27;29;29;32;38;49;40;39;42;40;37;38;42;41;41;45;48;48;55;54;52;58;59;57;58;59;60;47;47;47;47;47;49;48;48;48;58;58;58;69;73;87;72;71;78;77;75;82;76;74;74;74;75;74;74;74;76;79;75;74;73;72;75;74;73;75;75;75;77;102;102;103;98;94;101;98;98;97;99;100;100;96;96;98;96;103;103;103;103;104;103;105;104;104;104;103;104;103;103;90;92;98;88
53;46;49;50;49;49;49;49;50;48;48;48;49;49;49;49;48;48;49;53;43;53;53;53;53;53;53;54;53;54;2;3;2;3;2;2;2;2;2;3;3;0;0;0;2;2;3;3;2;4;3;3;3;3;9;11;42;43;48;49;42;42;31;29;28;30;30;33;41;50;41;40;43;41;38;39;45;44;44;48;49;49;56;55;53;59;60;58;59;60;61;49;49;49;49;49;51;50;50;50;61;61;59;70;72;88;75;74;81;80;78;85;79;77;77;77;78;77;77;77;77;82;78;77;76;75;78;77;76;78;78;78;80;104;104;105;100;97;104;99;99;98;100;101;101;97;97;99;97;106;104;104;104;105;104;106;105;105;105;104;105;104;104;91;93;99;89
53;46;49;50;49;49;49;49;50;48;48;48;49;49;49;49;48;48;49;53;43;53;53;53;53;53;53;54;53;54;2;3;2;3;2;2;2;2;2;3;3;0;0;0;2;2;3;3;2;4;3;3;3;3;9;11;42;43;48;49;42;42;31;29;28;30;30;33;41;50;41;40;43;41;38;39;45;44;44;48;49;49;56;55;53;59;60;58;59;60;61;49;49;49;49;49;51;50;50;50;61;61;59;70;72;88;75;74;81;80;78;85;79;77;77;77;78;77;77;77;77;82;78;77;76;75;78;77;76;78;78;78;80;104;104;105;100;97;104;99;99;98;100;101;101;97;97;99;97;106;104;104;104;105;104;106;105;105;105;104;105;104;104;91;93;99;89
53;46;49;50;49;49;49;49;50;48;48;48;49;49;49;49;48;48;49;53;43;53;53;53;53;53;53;54;53;54;2;3;2;3;2;2;2;2;2;3;3;0;0;0;2;2;3;3;2;4;3;3;3;3;9;11;42;43;48;49;42;42;31;29;28;30;30;33;41;50;41;40;43;41;38;39;45;44;44;48;49;49;56;55;53;59;60;58;59;60;61;49;49;49;49;49;51;50;50;50;61;61;59;70;72;88;75;74;81;80;78;85;79;77;77;77;78;77;77;77;77;82;78;77;76;75;78;77;76;78;78;78;80;104;104;105;100;97;104;99;99;98;100;101;101;97;97;99;97;106;104;104;104;105;104;106;105;105;105;104;105;104;104;91;93;99;89
55;48;51;52;51;51;51;51;52;50;50;50;51;51;51;51;50;50;51;55;43;55;55;55;55;55;55;56;55;56;4;5;4;5;4;4;4;4;4;5;5;2;2;2;0;4;5;5;4;6;5;5;5;5;11;13;44;45;48;49;44;44;33;31;30;32;32;35;43;52;43;42;45;43;40;41;47;46;46;50;51;51;58;57;55;61;62;60;61;62;63;51;51;51;51;51;53;52;52;52;63;63;61;72;74;90;77;76;83;82;80;87;81;79;79;79;80;79;79;79;79;84;80;79;78;77;78;79;78;78;78;78;82;106;106;107;102;97;104;101;101;100;102;103;103;99;99;101;99;108;102;102;102;103;102;104;103;103;103;102;103;102;102;93;95;101;91
55;46;51;52;51;51;51;51;52;50;50;50;51;51;51;51;50;50;51;55;45;55;55;55;55;55;55;54;55;56;4;5;4;5;4;4;4;4;4;5;5;2;2;2;4;0;3;5;4;6;5;5;5;5;10;12;44;45;50;51;44;44;33;31;30;32;32;35;43;52;43;42;45;43;40;41;47;46;46;50;51;51;56;55;53;61;62;60;61;62;63;51;51;51;51;51;53;52;52;52;61;61;59;70;70;88;75;74;81;80;78;85;79;77;77;77;78;77;77;77;77;82;78;77;76;75;78;77;76;80;80;80;82;104;104;105;100;97;104;99;99;98;100;101;101;99;99;101;99;106;104;104;104;105;104;106;105;105;105;104;105;104;104;91;93;99;89
56;49;52;53;52;52;52;52;53;51;51;51;52;52;52;52;51;51;52;56;46;56;56;56;56;56;56;57;56;57;5;6;5;6;5;5;5;5;5;6;6;3;3;3;5;3;0;4;5;7;6;6;6;6;11;13;43;44;49;50;43;43;32;32;31;33;33;36;44;51;44;43;46;44;41;42;48;47;47;51;52;52;59;58;56;62;63;61;62;63;64;52;52;52;52;52;54;53;53;53;64;64;62;73;71;87;78;77;82;81;79;86;82;79;78;78;79;78;78;78;78;83;79;78;77;76;79;78;77;81;81;81;83;105;105;106;101;98;105;100;100;99;101;102;102;98;98;100;98;107;105;105;105;106;105;107;106;106;106;105;106;105;105;92;95;100;92
54;47;50;51;50;50;50;50;51;49;49;49;50;50;50;50;49;49;50;54;44;56;56;56;56;56;56;57;56;55;3;4;3;4;3;3;3;3;3;4;4;3;3;3;5;5;4;0;3;5;4;4;4;4;10;12;43;44;47;48;43;43;30;30;29;31;31;32;42;49;42;41;44;42;39;40;46;45;45;49;50;50;55;54;52;60;61;59;60;61;62;51;51;51;51;51;53;52;52;52;61;61;59;70;72;86;75;74;81;80;78;85;79;76;77;77;78;77;77;77;79;82;78;77;76;75;78;77;76;78;78;78;80;103;103;104;99;96;103;100;100;99;101;102;102;98;98;100;98;105;105;105;105;106;105;107;106;106;106;105;106;105;105;92;95;100;92
53;46;49;50;49;49;49;49;50;48;48;48;49;49;49;49;48;48;49;53;43;55;55;55;55;55;55;56;55;54;2;3;2;3;2;2;2;2;2;3;3;2;2;2;4;4;5;3;0;2;3;3;3;3;9;11;42;43;48;49;42;42;31;29;28;30;30;33;41;48;41;40;43;41;38;39;43;42;42;46;49;49;56;55;53;59;60;58;59;60;61;50;50;50;50;50;52;51;51;51;61;61;59;68;72;88;75;74;81;80;78;85;79;77;76;76;77;76;76;76;78;81;77;76;75;74;77;76;75;77;77;77;79;103;103;104;99;96;103;101;101;100;102;103;103;99;99;101;99;104;106;106;106;107;106;108;107;107;107;106;107;106;106;93;95;99;91
51;44;47;48;47;47;47;47;48;46;46;46;47;47;47;47;46;46;47;51;41;53;53;53;53;53;53;54;53;52;2;3;2;3;2;2;2;2;2;3;3;4;4;4;6;6;7;5;2;0;3;3;3;3;9;11;42;43;48;49;42;42;31;29;28;30;30;33;41;48;41;40;43;41;38;39;43;42;42;46;49;49;56;55;53;59;60;58;59;60;61;50;50;50;50;50;52;51;51;51;61;61;59;68;74;88;75;74;81;80;78;85;79;77;76;76;77;76;76;76;78;81;77;76;75;74;77;76;75;77;77;77;77;103;103;104;99;96;103;101;101;100;102;103;103;97;97;99;97;102;106;106;106;107;106;108;107;107;107;106;107;106;106;93;95;99;91
50;43;46;47;46;46;46;46;47;45;45;45;46;46;46;46;45;45;46;50;40;52;52;52;52;52;52;53;52;51;1;2;1;2;1;1;1;1;1;2;2;3;3;3;5;5;6;4;3;3;0;2;2;2;8;10;39;40;45;46;39;39;28;26;25;27;27;30;40;49;38;37;40;38;35;36;42;41;41;45;46;46;53;52;50;56;57;55;56;57;58;47;47;47;47;47;49;48;48;48;58;58;56;67;73;85;74;73;80;79;77;84;78;74;76;76;77;76;76;76;78;81;77;76;75;74;77;76;75;77;77;77;79;102;102;103;98;95;102;100;100;99;101;102;102;98;98;100;98;105;105;105;105;106;105;107;106;106;106;105;106;105;105;92;94;100;90
50;43;46;47;46;46;46;46;47;45;45;45;46;46;46;46;45;45;46;50;40;52;52;52;52;52;52;53;52;51;1;2;1;2;1;1;1;1;1;2;2;3;3;3;5;5;6;4;3;3;2;0;2;2;8;10;39;40;45;46;39;39;28;26;25;27;27;30;40;47;38;37;40;38;35;36;44;43;43;47;46;46;53;52;50;58;59;57;58;59;60;47;47;47;47;47;49;48;48;48;58;58;56;69;71;85;72;71;78;77;75;82;76;74;76;76;77;76;76;76;78;81;77;76;75;74;77;76;75;77;77;77;77;101;101;102;97;94;103;98;98;97;99;100;100;96;96;98;96;103;103;103;103;104;103;105;104;104;104;103;104;103;103;90;92;98;88
50;43;46;47;46;46;46;46;47;45;45;45;46;46;46;46;45;45;46;50;40;52;52;52;52;52;52;53;52;51;1;2;1;2;1;1;1;1;1;2;2;3;3;3;5;5;6;4;3;3;2;2;0;2;8;10;39;40;45;46;39;39;28;26;25;27;27;30;38;47;38;37;40;38;35;36;42;41;41;45;46;46;53;52;50;56;57;55;56;57;58;47;47;47;47;47;49;48;48;48;58;58;56;67;71;85;72;71;78;77;75;82;76;74;76;76;77;76;76;76;78;81;77;76;75;74;77;76;75;77;77;77;77;101;101;102;97;94;101;98;98;97;99;100;100;96;96;98;96;103;103;103;103;104;103;105;104;104;104;103;104;103;103;90;92;98;88
52;45;46;47;46;46;46;46;47;47;47;47;48;48;48;48;47;47;48;50;42;54;54;54;54;54;54;55;54;53;1;2;1;2;1;1;1;1;1;2;2;3;3;3;5;5;6;4;3;3;2;2;2;0;6;8;41;42;47;48;41;41;30;28;27;29;29;32;40;49;40;39;42;40;37;38;44;43;43;47;48;48;55;54;52;56;57;55;56;57;58;49;49;49;49;49;51;50;50;50;60;60;58;69;73;87;74;73;80;79;77;84;76;75;75;75;76;75;75;75;77;80;76;75;74;73;76;75;74;76;76;76;78;102;102;103;98;95;102;98;98;97;99;100;100;96;96;98;96;103;103;103;103;104;103;105;104;104;104;103;104;103;103;90;92;98;88
54;47;48;49;48;48;48;48;49;49;49;49;50;50;48;50;49;49;50;50;44;56;56;56;56;56;56;57;56;55;7;8;7;8;7;7;7;7;7;8;8;9;9;9;11;10;11;10;9;9;8;8;8;6;0;2;45;46;51;52;45;45;34;32;31;33;33;36;44;51;46;45;48;46;43;44;48;47;47;51;54;54;59;58;58;62;63;61;62;62;63;55;55;55;55;55;57;56;56;56;64;64;63;73;75;88;77;76;84;83;81;88;79;77;76;76;77;76;76;76;78;81;77;76;75;74;77;76;75;78;78;78;79;105;105;106;101;96;103;99;99;98;100;101;101;97;97;99;97;104;106;106;106;107;106;108;107;107;107;106;107;106;106;95;97;103;91
56;49;50;51;50;50;50;50;51;51;51;51;52;52;50;52;51;51;52;52;46;58;58;58;58;58;58;59;58;57;9;10;9;10;9;9;9;9;9;10;10;11;11;11;13;12;13;12;11;11;10;10;10;8;2;0;47;48;53;54;47;47;36;34;33;35;35;38;46;53;48;47;50;48;45;46;50;49;49;53;56;56;61;60;60;64;65;63;64;64;65;57;57;57;57;57;59;58;58;58;64;64;65;75;77;90;79;78;86;85;83;90;81;79;78;78;79;78;78;78;80;83;79;78;77;76;79;78;77;80;80;80;81;105;105;106;101;98;105;99;99;98;100;101;101;97;97;99;97;104;106;106;106;107;106;108;107;107;107;106;107;106;106;97;97;103;93
51;44;43;44;43;43;43;43;44;42;42;42;43;43;43;41;43;42;43;47;45;56;56;56;56;56;56;57;58;56;40;41;40;41;40;40;40;40;40;41;41;42;42;42;44;44;43;43;42;42;39;39;39;41;45;47;0;1;6;7;0;2;19;19;18;18;18;21;35;50;40;39;42;39;39;40;48;47;47;52;56;56;66;66;64;64;65;63;63;71;72;49;49;49;49;49;51;50;50;50;56;56;54;67;67;78;79;78;79;78;76;79;82;78;80;80;81;80;80;80;82;85;79;80;79;78;81;78;79;79;79;79;75;102;102;103;102;92;103;88;90;89;91;90;90;86;86;88;86;93;93;93;93;94;93;95;94;94;94;93;94;93;93;89;91;95;87
52;45;44;45;44;44;44;44;45;43;43;43;44;44;44;42;44;43;44;48;46;57;57;57;57;57;57;58;59;57;41;42;41;42;41;41;41;41;41;42;42;43;43;43;45;45;44;44;43;43;40;40;40;42;46;48;1;0;7;8;1;3;20;20;19;19;19;22;36;51;41;40;43;40;40;41;49;48;48;53;57;57;67;67;65;65;66;64;64;72;73;49;49;49;49;49;51;50;50;50;57;57;55;68;68;79;80;79;80;79;77;80;83;79;81;81;82;81;81;81;83;86;80;81;80;79;82;79;80;80;80;80;76;103;103;104;103;93;104;89;91;90;92;91;91;87;87;89;87;94;94;94;94;95;94;96;95;95;95;94;95;94;94;90;92;96;88
57;50;49;50;49;49;49;49;50;48;48;48;49;49;49;47;49;48;49;51;51;62;62;62;62;62;62;63;64;62;46;47;46;47;46;46;46;46;46;47;47;48;48;48;48;50;49;47;48;48;45;45;45;47;51;53;6;7;0;1;6;8;25;25;24;24;24;25;41;56;44;43;46;43;43;44;52;51;51;56;62;60;68;68;66;68;69;67;67;75;76;51;51;51;51;51;53;52;52;52;59;59;57;68;71;81;80;81;82;81;79;82;85;82;83;83;84;83;83;83;85;88;82;83;82;81;82;81;82;80;80;80;78;104;104;105;106;98;109;94;96;95;97;96;96;92;92;94;92;97;96;96;96;97;96;98;97;97;97;96;97;96;96;95;95;101;90
57;50;49;50;49;49;49;49;50;48;48;48;49;49;49;47;49;48;49;51;51;62;62;62;62;62;62;63;64;62;47;48;47;48;47;47;47;47;47;48;48;49;49;49;49;51;50;48;49;49;46;46;46;48;52;54;7;8;1;0;7;9;26;26;25;25;25;26;40;55;45;44;47;44;44;45;53;52;52;57;62;60;68;68;66;68;69;67;67;75;76;52;52;52;52;52;54;53;53;53;59;59;57;68;71;81;80;81;82;81;79;82;85;82;83;83;84;83;83;83;85;88;82;83;82;81;82;81;82;80;80;80;78;104;104;105;106;98;108;94;96;95;97;96;96;92;92;94;92;97;96;96;96;97;96;98;97;97;97;96;97;96;96;95;95;101;90
51;44;43;44;43;43;43;43;44;42;42;42;43;43;43;41;43;42;43;47;45;56;56;56;56;56;56;57;58;56;40;41;40;41;40;40;40;40;40;41;41;42;42;42;44;44;43;43;42;42;39;39;39;41;45;47;0;1;6;7;0;2;19;19;18;18;18;21;35;50;40;39;42;39;39;40;48;47;47;52;56;56;66;66;64;64;65;63;63;71;72;49;49;49;49;49;51;50;50;50;56;56;54;67;67;78;79;78;79;78;76;79;82;78;80;80;81;80;80;80;82;85;79;80;79;78;81;78;79;79;79;79;75;102;102;103;102;92;103;88;90;89;91;90;90;86;86;88;86;93;93;93;93;94;93;95;94;94;94;93;94;93;93;89;91;95;87
51;44;43;44;43;43;43;43;44;42;42;42;43;43;43;41;43;42;43;47;45;56;56;56;56;56;56;57;58;56;40;41;40;41;40;40;40;40;40;41;41;42;42;42;44;44;43;43;42;42;39;39;39;41;45;47;2;3;8;9;2;0;19;19;18;18;18;21;35;50;40;39;42;39;39;40;48;47;47;52;56;56;66;66;64;64;65;63;63;71;72;49;49;49;49;49;51;50;50;50;56;56;54;67;67;78;79;78;79;78;76;79;82;78;80;80;81;80;80;80;82;85;79;80;79;78;81;78;79;79;79;79;75;102;102;103;102;92;103;88;90;89;91;90;90;86;86;88;86;93;93;93;93;94;93;95;94;94;94;93;94;93;93;89;91;95;87
42;37;38;39;38;38;38;38;39;37;37;37;38;38;38;38;38;37;38;42;38;49;49;49;49;49;49;50;51;49;29;30;29;30;29;29;29;29;29;30;30;31;31;31;33;33;32;30;31;31;28;28;28;30;34;36;19;20;25;26;19;19;0;8;7;9;9;14;30;39;34;33;36;34;33;34;40;39;39;44;44;44;53;52;50;56;57;55;55;61;62;45;45;45;45;45;47;46;46;46;54;54;52;67;71;74;78;77;75;74;72;75;76;73;80;80;81;80;80;80;82;85;81;80;79;78;81;78;79;79;79;79;77;95;95;96;93;86;97;84;86;85;87;86;85;82;82;82;82;91;86;86;86;87;86;88;87;87;87;86;87;86;86;83;86;87;83
44;37;38;39;38;38;38;38;39;37;37;37;38;38;38;38;38;37;38;42;38;49;49;49;49;49;49;50;51;49;27;28;27;28;27;27;27;27;27;28;28;29;29;29;31;31;32;30;29;29;26;26;26;28;32;34;19;20;25;26;19;19;8;0;1;7;7;12;30;41;36;35;38;36;35;36;40;39;39;44;48;48;57;56;54;58;59;57;57;61;62;43;43;43;43;43;45;44;44;44;54;54;50;65;71;79;78;77;79;78;76;79;80;74;78;78;79;78;78;78;80;83;79;78;77;78;81;78;79;81;81;81;75;98;98;99;96;89;102;87;89;88;90;89;89;85;85;85;85;94;92;92;92;93;92;94;93;93;93;92;93;92;92;88;90;94;86
43;36;37;38;37;37;37;37;38;36;36;36;37;37;37;37;37;36;37;41;37;48;48;48;48;48;48;49;50;48;26;27;26;27;26;26;26;26;26;27;27;28;28;28;30;30;31;29;28;28;25;25;25;27;31;33;18;19;24;25;18;18;7;1;0;6;6;11;29;40;35;34;37;35;34;35;39;38;38;43;47;47;56;55;53;57;58;56;56;60;61;42;42;42;42;42;44;43;43;43;53;53;49;64;70;78;77;76;78;77;75;78;79;73;77;77;78;77;77;77;79;82;78;77;76;77;80;77;78;80;80;80;74;97;97;98;95;88;101;86;88;87;89;88;88;84;84;84;84;93;91;91;91;92;91;93;92;92;92;91;92;91;91;87;89;93;85
43;36;35;36;35;35;35;35;36;34;34;34;35;35;35;35;35;34;35;39;37;48;48;48;48;48;48;49;50;50;28;29;28;29;28;28;28;28;28;29;29;30;30;30;32;32;33;31;30;30;27;27;27;29;33;35;18;19;24;25;18;18;9;7;6;0;0;5;27;42;31;32;35;33;32;33;37;36;36;39;47;47;56;55;53;55;56;54;54;60;61;42;42;42;42;42;44;43;43;43;51;51;47;64;70;78;73;72;74;73;72;75;73;73;79;79;80;79;79;79;81;84;80;79;78;77;80;77;78;78;78;78;74;97;97;98;95;88;101;84;86;85;87;86;86;80;80;80;80;89;91;91;91;92;91;93;92;92;92;91;92;91;91;85;91;91;83
43;36;35;36;35;35;35;35;36;34;34;34;35;35;35;35;35;34;35;39;37;48;48;48;48;48;48;49;50;50;28;29;28;29;28;28;28;28;28;29;29;30;30;30;32;32;33;31;30;30;27;27;27;29;33;35;18;19;24;25;18;18;9;7;6;0;0;5;27;42;31;32;35;33;32;33;37;36;36;39;47;47;56;55;53;55;56;54;54;60;61;42;42;42;42;42;44;43;43;43;51;51;47;64;70;78;73;72;74;73;72;75;73;73;79;79;80;79;79;79;81;84;80;79;78;77;80;77;78;78;78;78;74;97;97;98;95;88;101;84;86;85;87;86;86;80;80;80;80;89;91;91;91;92;91;93;92;92;92;91;92;91;91;85;91;91;83
48;41;40;41;40;40;40;40;41;39;39;39;40;40;40;40;40;39;40;44;42;53;53;53;53;53;53;54;55;55;31;32;31;32;31;31;31;31;31;32;32;33;33;33;35;35;36;32;33;33;30;30;30;32;36;38;21;22;25;26;21;21;14;12;11;5;5;0;32;47;34;35;38;36;35;36;40;39;39;40;50;50;57;56;54;58;59;57;57;63;64;45;45;45;45;45;47;46;46;46;53;53;51;66;72;78;75;74;76;75;74;79;75;75;79;79;80;79;79;79;81;84;80;79;78;77;80;77;78;78;78;78;74;101;101;102;99;90;101;88;90;89;91;90;90;84;84;84;84;91;95;95;95;96;95;97;96;96;96;95;96;95;95;87;95;95;87
47;42;41;42;41;41;41;41;42;40;40;40;41;39;41;41;41;40;41;45;45;56;56;56;56;56;56;57;58;58;39;40;39;40;39;39;39;39;39;40;38;41;41;41;43;43;44;42;41;41;40;40;38;40;44;46;35;36;41;40;35;35;30;30;29;27;27;32;0;52;48;47;50;48;47;48;48;47;47;51;57;59;68;67;65;67;68;66;66;74;75;53;53;53;53;53;55;54;54;54;57;57;59;64;72;85;77;76;80;79;76;81;73;73;76;76;79;76;76;78;80;83;79;76;77;76;79;76;77;78;78;78;78;99;99;99;97;92;101;83;85;84;84;84;85;81;81;83;81;89;88;88;88;89;88;90;89;89;89;88;89;88;88;82;92;90;87
66;59;60;61;60;60;60;60;61;59;59;59;60;60;60;58;60;57;58;64;60;60;60;60;60;60;60;61;62;62;48;49;48;49;48;48;48;48;48;49;49;50;50;50;52;52;51;49;48;48;49;47;47;49;51;53;50;51;56;55;50;50;39;41;40;42;42;47;52;0;57;56;59;57;56;55;59;59;59;64;62;62;65;62;64;73;74;72;72;76;77;68;68;68;68;68;70;69;69;69;70;70;64;76;81;86;88;87;90;89;89;92;86;80;87;87;88;87;87;87;87;90;88;87;86;85;88;85;88;86;86;86;82;94;94;95;95;89;105;86;88;87;89;88;88;83;83;85;83;92;95;95;95;96;95;97;96;96;96;95;96;95;95;94;88;92;85
47;46;43;44;43;43;43;43;44;42;42;42;43;43;43;42;43;43;43;47;49;57;57;57;57;57;57;58;59;57;39;40;39;40;39;39;39;39;39;40;40;41;41;41;43;43;44;42;41;41;38;38;38;40;46;48;40;41;44;45;40;40;34;36;35;31;31;34;48;57;0;1;5;5;3;2;24;23;23;27;29;27;41;40;37;36;37;35;35;43;44;29;29;29;29;29;31;30;30;30;39;39;34;54;51;67;67;66;67;66;65;70;65;65;67;67;68;67;67;67;68;71;68;67;66;65;68;65;68;66;66;66;64;105;105;106;101;92;107;84;86;85;87;86;86;82;82;84;82;89;92;92;92;93;92;94;93;93;93;92;93;92;92;85;88;85;78
46;45;42;43;42;42;42;42;43;41;41;41;42;42;42;41;42;42;42;46;48;56;56;56;56;56;56;57;58;56;38;39;38;39;38;38;38;38;38;39;39;40;40;40;42;42;43;41;40;40;37;37;37;39;45;47;39;40;43;44;39;39;33;35;34;32;32;35;47;56;1;0;4;4;2;1;23;22;22;28;28;26;40;39;36;37;38;36;36;44;45;28;28;28;28;28;30;29;29;29;38;38;33;53;50;66;68;67;68;67;66;71;66;66;66;66;67;66;66;66;67;70;67;66;65;64;67;64;67;65;65;65;63;104;104;105;100;93;106;83;85;84;86;85;85;81;81;83;81;88;91;91;91;92;91;93;92;92;92;91;92;91;91;84;87;84;77
49;48;45;46;45;45;45;45;46;44;44;44;45;45;45;44;45;45;45;49;51;59;59;59;59;59;59;60;61;59;41;42;41;42;41;41;41;41;41;42;42;43;43;43;45;45;46;44;43;43;40;40;40;42;48;50;42;43;46;47;42;42;36;38;37;35;35;38;50;59;5;4;0;6;6;5;27;26;26;32;30;28;42;41;38;38;39;37;37;45;46;32;32;32;32;32;34;33;33;33;42;42;36;55;54;70;71;70;71;70;69;74;69;70;68;68;69;68;68;68;69;72;69;68;67;66;69;66;69;67;67;67;65;106;106;107;102;95;108;86;88;87;89;86;88;84;84;86;84;91;94;94;94;95;94;96;95;95;95;94;95;94;94;87;88;87;78
49;46;45;46;45;45;45;45;46;44;44;44;45;45;45;44;45;45;45;49;49;59;59;59;59;59;59;60;61;59;39;40;39;40;39;39;39;39;39;40;40;41;41;41;43;43;44;42;41;41;38;38;38;40;46;48;39;40;43;44;39;39;34;36;35;33;33;36;48;57;5;4;6;0;6;5;24;23;23;29;30;28;40;41;38;39;40;38;38;46;47;31;31;31;31;31;33;32;32;32;41;41;36;56;53;69;69;68;71;70;69;74;69;69;69;69;70;69;69;69;70;73;70;69;68;67;70;67;70;68;68;68;66;103;103;104;99;94;107;86;88;87;89;88;88;84;84;86;84;91;94;94;94;95;94;96;95;95;95;94;95;94;94;85;90;87;80
46;45;42;43;42;42;42;42;43;41;41;41;42;42;42;41;42;42;42;46;48;56;56;56;56;56;56;57;56;56;36;37;36;37;36;36;36;36;36;37;37;38;38;38;40;40;41;39;38;38;35;35;35;37;43;45;39;40;43;44;39;39;33;35;34;32;32;35;47;56;3;2;6;6;0;3;25;24;24;30;30;28;40;39;36;38;39;37;38;45;46;28;28;28;28;28;30;29;29;29;38;38;35;53;50;66;68;67;70;69;68;73;66;64;65;65;66;65;65;65;66;69;66;65;64;63;66;63;66;64;64;64;64;102;102;103;98;91;106;85;87;86;88;87;87;83;83;85;83;90;91;91;91;92;91;93;92;92;92;91;92;91;91;84;87;86;77
47;46;43;44;43;43;43;43;44;42;42;42;43;43;43;42;43;43;43;47;49;55;55;55;55;55;55;56;57;55;37;38;37;38;37;37;37;37;37;38;38;39;39;39;41;41;42;40;39;39;36;36;36;38;44;46;40;41;44;45;40;40;34;36;35;33;33;36;48;55;2;1;5;5;3;0;24;23;23;29;29;27;41;40;37;38;39;37;37;43;44;29;29;29;29;29;31;30;30;30;37;37;32;52;49;65;67;66;67;66;65;70;65;65;65;65;66;65;65;65;66;69;66;65;64;63;66;63;66;64;64;64;62;105;105;106;101;94;105;84;86;85;87;86;86;82;82;84;82;89;92;92;92;93;92;94;93;93;93;92;93;92;92;85;88;85;76
59;54;53;54;53;53;53;53;54;52;52;52;53;51;53;52;53;53;53;55;55;68;68;68;68;68;68;69;70;68;43;44;43;44;43;43;43;43;43;42;42;45;45;45;47;47;48;46;43;43;42;44;42;44;48;50;48;49;52;53;48;48;40;40;39;37;37;40;48;59;24;23;27;24;25;24;0;1;2;7;43;43;55;54;53;52;53;51;51;57;58;39;39;39;39;39;41;40;40;40;49;49;45;54;59;77;72;71;69;68;69;74;67;76;71;71;72;71;71;71;73;76;72;71;70;69;70;67;70;68;68;68;68;108;108;108;108;93;108;90;90;89;89;92;92;88;88;88;88;93;98;98;98;99;98;100;99;99;99;98;99;98;98;91;96;91;86
58;53;52;53;52;52;52;52;53;51;51;51;52;50;52;51;52;52;52;54;54;67;67;67;67;67;67;68;69;67;42;43;42;43;42;42;42;42;42;41;41;44;44;44;46;46;47;45;42;42;41;43;41;43;47;49;47;48;51;52;47;47;39;39;38;36;36;39;47;59;23;22;26;23;24;23;1;0;1;6;42;42;54;53;52;51;52;50;50;56;57;38;38;38;38;38;40;39;39;39;48;48;44;55;58;78;71;70;69;68;69;74;67;75;70;70;71;70;70;70;72;75;71;70;69;68;69;66;69;67;67;67;67;107;107;107;107;94;107;89;89;88;88;91;91;87;87;87;87;92;97;97;97;98;97;99;98;98;98;97;98;97;97;90;97;92;85
58;53;52;53;52;52;52;52;53;51;51;51;52;50;52;51;52;52;52;54;54;67;67;67;67;67;67;68;69;67;42;43;42;43;42;42;42;42;42;42;41;44;44;44;46;46;47;45;42;42;41;43;41;43;47;49;47;48;51;52;47;47;39;39;38;36;36;39;47;59;23;22;26;23;24;23;2;1;0;7;43;43;55;54;53;52;53;51;51;57;58;38;38;38;38;38;40;39;39;39;48;48;44;56;59;78;72;71;70;69;70;75;68;76;70;70;71;70;70;70;72;75;71;70;69;68;69;66;69;67;67;67;67;108;108;108;107;95;108;89;89;88;88;91;91;87;87;87;87;92;98;98;98;99;98;100;99;99;99;98;99;98;98;91;97;92;85
63;58;57;58;57;57;57;57;58;56;56;56;57;55;57;56;57;57;57;59;59;72;72;72;72;72;72;73;74;72;46;47;46;47;46;46;46;46;46;45;45;48;48;48;50;50;51;49;46;46;45;47;45;47;51;53;52;53;56;57;52;52;44;44;43;39;39;40;51;64;27;28;32;29;30;29;7;6;7;0;46;46;58;57;56;55;56;54;54;60;61;44;44;44;44;44;46;45;45;45;54;54;50;60;62;83;72;71;72;71;72;77;69;78;73;73;75;74;74;74;77;80;76;75;74;73;73;70;73;71;71;71;71;110;110;110;110;95;108;94;94;93;93;96;96;91;91;91;91;96;101;101;101;102;101;103;102;102;102;101;102;101;101;94;101;96;89
57;53;52;53;52;52;52;52;53;51;51;51;52;50;52;51;52;50;50;56;56;64;64;64;64;64;64;65;66;64;47;48;47;48;47;47;47;47;47;46;48;49;49;49;51;51;52;50;49;49;46;46;46;48;54;56;56;57;62;62;56;56;44;48;47;47;47;50;57;62;29;28;30;30;30;29;43;42;43;46;0;5;24;21;16;24;25;23;23;29;30;50;50;50;50;50;52;51;51;51;54;54;51;63;63;80;75;74;78;77;74;79;72;74;83;83;84;81;81;83;84;87;84;83;82;81;84;81;82;82;82;82;78;101;101;102;97;95;105;93;93;94;94;95;94;91;91;91;91;98;99;99;99;100;99;101;100;100;100;99;100;99;99;93;93;90;90
57;53;52;53;52;52;52;52;53;51;51;51;52;52;52;51;52;50;50;54;56;64;64;64;64;64;64;65;66;64;47;48;47;48;47;47;47;47;47;46;48;49;49;49;51;51;52;50;49;49;46;46;46;48;54;56;56;57;60;60;56;56;44;48;47;47;47;50;59;62;27;26;28;28;28;27;43;42;43;46;5;0;21;18;13;19;20;18;18;24;25;46;46;46;46;46;48;47;47;47;52;52;49;63;62;76;75;74;76;75;72;79;72;71;79;79;80;77;77;79;80;83;80;79;78;77;80;77;78;78;78;78;74;102;102;103;98;94;104;91;91;92;94;95;92;89;89;89;89;96;97;97;97;98;97;99;98;98;98;97;98;97;97;90;91;88;87
66;60;61;62;61;61;61;61;62;60;60;60;61;61;61;60;61;59;59;65;65;67;67;67;67;67;67;66;67;71;54;55;54;55;54;54;54;54;54;53;55;56;56;56;58;56;59;55;56;56;53;53;53;55;59;61;66;67;68;68;66;66;53;57;56;56;56;57;68;65;41;40;42;40;40;41;55;54;55;58;24;21;0;5;8;37;38;36;37;42;43;60;60;60;60;60;62;61;61;61;58;58;58;72;70;81;82;81;84;83;80;87;80;77;84;84;85;82;82;84;85;88;85;84;83;82;86;83;85;83;83;83;80;106;106;107;104;96;105;94;94;97;99;98;95;98;98;98;98;103;106;106;106;105;106;108;107;107;105;106;107;106;106;95;99;96;92
64;58;59;60;59;59;59;59;60;58;58;58;59;59;59;58;59;57;57;63;63;67;67;67;67;67;67;66;67;69;53;54;53;54;53;53;53;53;53;52;54;55;55;55;57;55;58;54;55;55;52;52;52;54;58;60;66;67;68;68;66;66;52;56;55;55;55;56;67;62;40;39;41;41;39;40;54;53;54;57;21;18;5;0;5;34;35;33;34;39;40;61;61;61;61;61;63;62;62;62;55;55;55;71;67;80;84;83;85;84;81;88;81;74;85;85;86;83;83;85;86;89;86;85;84;83;87;84;86;84;84;84;81;107;107;108;103;95;104;93;93;96;98;97;94;97;97;97;97;102;105;105;105;104;105;107;106;106;104;105;106;105;105;94;98;93;91
64;58;59;60;59;59;59;59;60;58;58;58;59;59;59;58;59;57;57;63;63;67;67;67;67;67;67;66;67;69;51;52;51;52;51;51;51;51;51;50;52;53;53;53;55;53;56;52;53;53;50;50;50;52;58;60;64;65;66;66;64;64;50;54;53;53;53;54;65;64;37;36;38;38;36;37;53;52;53;56;16;13;8;5;0;31;32;30;31;36;37;58;58;58;58;58;60;59;59;59;54;54;55;68;68;78;81;80;82;81;78;85;78;74;82;82;83;80;80;82;83;86;83;82;81;80;84;81;83;81;81;81;78;104;104;105;100;96;104;92;92;95;97;96;93;96;96;96;96;101;102;102;102;103;102;104;103;103;103;102;103;102;102;93;95;90;90
69;65;60;61;60;60;60;60;61;61;61;61;62;62;62;61;62;60;60;62;68;76;76;76;76;76;76;77;77;76;57;58;57;58;57;57;57;57;57;56;58;59;59;59;61;61;62;60;59;59;56;58;56;56;62;64;64;65;68;68;64;64;56;58;57;55;55;58;67;73;36;37;38;39;38;38;52;51;52;55;24;19;37;34;31;0;1;1;3;7;8;55;55;55;55;55;57;56;56;56;56;56;49;65;69;81;80;79;81;80;77;84;76;74;78;77;78;75;75;77;78;81;78;77;76;75;80;77;78;78;78;78;82;107;107;108;105;95;108;92;94;93;95;96;93;92;92;92;92;95;96;96;96;97;96;98;97;97;97;96;97;96;96;89;93;91;88
70;66;61;62;61;61;61;61;62;62;62;62;63;63;63;62;63;61;61;63;69;77;77;77;77;77;77;78;78;77;58;59;58;59;58;58;58;58;58;57;59;60;60;60;62;62;63;61;60;60;57;59;57;57;63;65;65;66;69;69;65;65;57;59;58;56;56;59;68;74;37;38;39;40;39;39;53;52;53;56;25;20;38;35;32;1;0;2;4;8;9;56;56;56;56;56;58;57;57;57;57;57;50;66;70;82;81;80;82;81;78;85;77;75;79;78;79;76;76;78;79;82;79;78;77;76;81;78;79;79;79;79;83;108;108;109;106;96;109;93;95;94;96;97;94;93;93;93;93;96;97;97;97;98;97;99;98;98;98;97;98;97;97;90;94;92;89
68;64;59;60;59;59;59;59;60;60;60;60;61;61;61;60;61;59;59;61;67;75;75;75;75;75;75;76;76;75;56;57;56;57;56;56;56;56;56;55;57;58;58;58;60;60;61;59;58;58;55;57;55;55;61;63;63;64;67;67;63;63;55;57;56;54;54;57;66;72;35;36;37;38;37;37;51;50;51;54;23;18;36;33;30;1;2;0;2;8;9;54;54;54;54;54;56;55;55;55;55;55;48;64;68;82;79;78;80;79;76;83;75;73;77;76;77;74;74;76;77;80;77;76;75;74;79;76;77;77;77;77;81;106;106;107;104;94;107;91;93;92;94;95;92;91;91;91;91;94;97;97;97;98;97;99;98;98;98;97;98;97;97;90;92;90;87
68;64;59;60;59;59;59;59;60;60;60;60;61;61;61;60;61;59;59;61;67;75;75;75;75;75;75;76;77;75;57;58;57;58;57;57;57;57;57;56;58;59;59;59;61;61;62;60;59;59;56;58;56;56;62;64;63;64;67;67;63;63;55;57;56;54;54;57;66;72;35;36;37;38;38;37;51;50;51;54;23;18;37;34;31;3;4;2;0;10;11;54;54;54;54;54;56;53;53;53;55;55;48;63;68;80;79;78;80;79;76;83;73;74;78;78;79;76;76;78;79;82;79;78;77;76;81;78;79;79;79;79;83;106;106;107;104;94;107;90;92;91;93;94;91;90;90;90;90;93;96;96;96;97;96;98;97;97;97;96;97;96;96;89;92;89;87
74;70;67;68;67;67;67;67;68;68;68;68;69;69;69;68;69;67;67;69;73;79;79;79;79;79;79;80;80;79;58;59;58;59;58;58;58;58;58;57;59;60;60;60;62;62;63;61;60;60;57;59;57;57;62;64;71;72;75;75;71;71;61;61;60;60;60;63;74;76;43;44;45;46;45;43;57;56;57;60;29;24;42;39;36;7;8;8;10;0;1;62;62;62;62;62;64;63;63;63;61;61;52;70;74;82;85;84;86;85;82;89;81;77;83;82;83;80;80;82;83;86;83;82;81;80;85;82;83;83;83;83;87;110;110;111;108;100;111;99;101;100;102;103;100;99;99;97;99;102;101;101;101;102;101;103;102;102;102;101;102;101;101;94;98;98;91
75;71;68;69;68;68;68;68;69;69;69;69;70;70;70;69;70;68;68;70;74;80;80;80;80;80;80;81;81;80;59;60;59;60;59;59;59;59;59;58;60;61;61;61;63;63;64;62;61;61;58;60;58;58;63;65;72;73;76;76;72;72;62;62;61;61;61;64;75;77;44;45;46;47;46;44;58;57;58;61;30;25;43;40;37;8;9;9;11;1;0;63;63;63;63;63;65;64;64;64;62;62;53;71;75;83;86;85;87;86;83;90;82;78;84;83;84;81;81;83;84;87;84;83;82;81;86;83;84;84;84;84;88;110;110;111;108;100;111;99;101;100;102;103;100;99;99;97;99;102;101;101;101;102;101;103;102;102;102;101;102;101;101;94;98;98;91
57;54;51;52;51;51;51;51;52;50;50;50;51;51;51;50;51;51;51;49;55;63;63;63;63;63;63;64;65;66;48;49;48;49;48;48;48;48;48;49;47;49;49;49;51;51;52;51;50;50;47;47;47;49;55;57;49;49;51;52;49;49;45;43;42;42;42;45;53;68;29;28;32;31;28;29;39;38;38;44;50;46;60;61;58;55;56;54;54;62;63;0;0;0;0;0;2;1;1;1;44;44;47;64;59;71;65;66;70;69;69;72;72;68;70;70;71;70;70;70;71;75;71;70;69;70;71;68;71;69;69;69;69;101;101;102;101;93;103;84;84;83;85;86;86;84;84;86;84;90;89;89;89;90;89;91;90;90;90;89;90;89;89;83;86;87;80
57;54;51;52;51;51;51;51;52;50;50;50;51;51;51;50;51;51;51;49;55;63;63;63;63;63;63;64;65;66;48;49;48;49;48;48;48;48;48;49;47;49;49;49;51;51;52;51;50;50;47;47;47;49;55;57;49;49;51;52;49;49;45;43;42;42;42;45;53;68;29;28;32;31;28;29;39;38;38;44;50;46;60;61;58;55;56;54;54;62;63;0;0;0;0;0;2;1;1;1;44;44;47;64;59;71;65;66;70;69;69;72;72;68;70;70;71;70;70;70;71;75;71;70;69;70;71;68;71;69;69;69;69;101;101;102;101;93;103;84;84;83;85;86;86;84;84;86;84;90;89;89;89;90;89;91;90;90;90;89;90;89;89;83;86;87;80
57;54;51;52;51;51;51;51;52;50;50;50;51;51;51;50;51;51;51;49;55;63;63;63;63;63;63;64;65;66;48;49;48;49;48;48;48;48;48;49;47;49;49;49;51;51;52;51;50;50;47;47;47;49;55;57;49;49;51;52;49;49;45;43;42;42;42;45;53;68;29;28;32;31;28;29;39;38;38;44;50;46;60;61;58;55;56;54;54;62;63;0;0;0;0;0;2;1;1;1;44;44;47;64;59;71;65;66;70;69;69;72;72;68;70;70;71;70;70;70;71;75;71;70;69;70;71;68;71;69;69;69;69;101;101;102;101;93;103;84;84;83;85;86;86;84;84;86;84;90;89;89;89;90;89;91;90;90;90;89;90;89;89;83;86;87;80
57;54;51;52;51;51;51;51;52;50;50;50;51;51;51;50;51;51;51;49;55;63;63;63;63;63;63;64;65;66;48;49;48;49;48;48;48;48;48;49;47;49;49;49;51;51;52;51;50;50;47;47;47;49;55;57;49;49;51;52;49;49;45;43;42;42;42;45;53;68;29;28;32;31;28;29;39;38;38;44;50;46;60;61;58;55;56;54;54;62;63;0;0;0;0;0;2;1;1;1;44;44;47;64;59;71;65;66;70;69;69;72;72;68;70;70;71;70;70;70;71;75;71;70;69;70;71;68;71;69;69;69;69;101;101;102;101;93;103;84;84;83;85;86;86;84;84;86;84;90;89;89;89;90;89;91;90;90;90;89;90;89;89;83;86;87;80
57;54;51;52;51;51;51;51;52;50;50;50;51;51;51;50;51;51;51;49;55;63;63;63;63;63;63;64;65;66;48;49;48;49;48;48;48;48;48;49;47;49;49;49;51;51;52;51;50;50;47;47;47;49;55;57;49;49;51;52;49;49;45;43;42;42;42;45;53;68;29;28;32;31;28;29;39;38;38;44;50;46;60;61;58;55;56;54;54;62;63;0;0;0;0;0;2;1;1;1;44;44;47;64;59;71;65;66;70;69;69;72;72;68;70;70;71;70;70;70;71;75;71;70;69;70;71;68;71;69;69;69;69;101;101;102;101;93;103;84;84;83;85;86;86;84;84;86;84;90;89;89;89;90;89;91;90;90;90;89;90;89;89;83;86;87;80
59;56;53;54;53;53;53;53;54;52;52;52;53;53;53;52;53;53;53;51;57;65;65;65;65;65;65;66;67;68;50;51;50;51;50;50;50;50;50;51;49;51;51;51;53;53;54;53;52;52;49;49;49;51;57;59;51;51;53;54;51;51;47;45;44;44;44;47;55;70;31;30;34;33;30;31;41;40;40;46;52;48;62;63;60;57;58;56;56;64;65;2;2;2;2;2;0;3;3;3;46;46;49;64;61;73;67;68;72;71;71;74;74;70;70;70;71;70;70;70;71;75;71;70;69;70;71;68;71;69;69;69;69;103;103;104;103;95;103;86;86;85;87;88;88;86;86;88;86;92;91;91;91;92;91;93;92;92;92;91;92;91;91;85;88;89;82
58;55;52;53;52;52;52;52;53;51;51;51;52;52;52;51;52;52;52;50;56;64;64;64;64;64;64;65;66;67;49;50;49;50;49;49;49;49;49;50;48;50;50;50;52;52;53;52;51;51;48;48;48;50;56;58;50;50;52;53;50;50;46;44;43;43;43;46;54;69;30;29;33;32;29;30;40;39;39;45;51;47;61;62;59;56;57;55;53;63;64;1;1;1;1;1;3;0;0;0;45;45;48;64;60;70;66;67;71;70;70;73;71;69;71;71;72;71;71;71;72;76;72;71;70;71;72;69;72;70;70;70;70;101;101;102;101;93;104;84;84;83;85;86;86;84;84;86;84;90;89;89;89;90;89;91;90;90;90;89;90;89;89;83;87;87;80
58;55;52;53;52;52;52;52;53;51;51;51;52;52;52;51;52;52;52;50;56;64;64;64;64;64;64;65;66;67;49;50;49;50;49;49;49;49;49;50;48;50;50;50;52;52;53;52;51;51;48;48;48;50;56;58;50;50;52;53;50;50;46;44;43;43;43;46;54;69;30;29;33;32;29;30;40;39;39;45;51;47;61;62;59;56;57;55;53;63;64;1;1;1;1;1;3;0;0;0;45;45;48;64;60;70;66;67;71;70;70;73;71;69;71;71;72;71;71;71;72;76;72;71;70;71;72;69;72;70;70;70;70;101;101;102;101;93;104;84;84;83;85;86;86;84;84;86;84;90;89;89;89;90;89;91;90;90;90;89;90;89;89;83;87;87;80
58;55;52;53;52;52;52;52;53;51;51;51;52;52;52;51;52;52;52;50;56;64;64;64;64;64;64;65;66;67;49;50;49;50;49;49;49;49;49;50;48;50;50;50;52;52;53;52;51;51;48;48;48;50;56;58;50;50;52;53;50;50;46;44;43;43;43;46;54;69;30;29;33;32;29;30;40;39;39;45;51;47;61;62;59;56;57;55;53;63;64;1;1;1;1;1;3;0;0;0;45;45;48;64;60;70;66;67;71;70;70;73;71;69;71;71;72;71;71;71;72;76;72;71;70;71;72;69;72;70;70;70;70;101;101;102;101;93;104;84;84;83;85;86;86;84;84;86;84;90;89;89;89;90;89;91;90;90;90;89;90;89;89;83;87;87;80
60;55;54;55;54;54;54;54;55;53;53;53;53;54;54;53;54;54;54;56;58;65;65;65;65;65;65;64;67;65;59;60;59;60;59;59;59;59;59;60;58;61;61;61;63;61;64;61;61;61;58;58;58;60;64;64;56;57;59;59;56;56;54;54;53;51;51;53;57;70;39;38;42;41;38;37;49;48;48;54;54;52;58;55;54;56;57;55;55;61;62;44;44;44;44;44;46;45;45;45;0;0;29;41;44;61;56;55;61;60;59;65;63;53;57;57;58;57;57;57;59;62;57;57;56;55;60;57;58;56;56;56;64;97;97;98;93;84;94;74;74;74;76;78;76;77;77;79;77;80;84;84;84;85;84;86;85;85;85;84;85;84;84;80;77;78;77
60;55;54;55;54;54;54;54;55;53;53;53;53;54;54;53;54;54;54;56;58;65;65;65;65;65;65;64;67;65;59;60;59;60;59;59;59;59;59;60;58;61;61;61;63;61;64;61;61;61;58;58;58;60;64;64;56;57;59;59;56;56;54;54;53;51;51;53;57;70;39;38;42;41;38;37;49;48;48;54;54;52;58;55;54;56;57;55;55;61;62;44;44;44;44;44;46;45;45;45;0;0;29;41;44;61;56;55;61;60;59;65;63;53;57;57;58;57;57;57;59;62;57;57;56;55;60;57;58;56;56;56;64;97;97;98;93;84;94;74;74;74;76;78;76;77;77;79;77;80;84;84;84;85;84;86;85;85;85;84;85;84;84;80;77;78;77
58;53;52;53;52;52;52;52;53;51;51;51;51;52;52;51;52;50;50;54;58;65;65;65;65;65;65;64;67;65;57;58;57;58;57;57;57;57;57;58;58;59;59;59;61;59;62;59;59;59;56;56;56;58;63;65;54;55;57;57;54;54;52;50;49;47;47;51;59;64;34;33;36;36;35;32;45;44;44;50;51;49;58;55;55;49;50;48;48;52;53;47;47;47;47;47;49;48;48;48;29;29;0;41;48;63;61;60;63;62;61;64;62;60;65;65;64;65;65;65;67;70;65;65;64;63;70;67;68;66;66;66;72;104;104;105;102;91;106;78;80;80;82;80;80;78;78;78;78;83;87;87;87;88;87;89;88;88;88;87;88;87;87;83;82;84;72
76;69;68;69;68;68;68;68;69;67;67;67;67;66;66;67;68;68;68;68;74;79;79;79;79;79;79;78;81;77;68;69;68;69;68;68;68;68;68;67;69;70;70;70;72;70;73;70;68;68;67;69;67;69;73;75;67;68;68;68;67;67;67;65;64;64;64;66;64;76;54;53;55;56;53;52;54;55;56;60;63;63;72;71;68;65;66;64;63;70;71;64;64;64;64;64;64;64;64;64;41;41;41;0;52;74;66;65;68;67;66;72;62;70;56;56;59;58;58;58;60;63;56;58;57;58;63;60;59;63;63;63;70;98;98;98;100;85;99;90;92;92;92;93;92;92;92;94;92;92;97;97;97;98;97;99;98;98;98;97;98;97;97;95;89;88;87
68;65;64;65;64;64;64;64;65;63;63;63;63;62;64;63;64;64;64;64;70;71;71;71;71;71;71;70;73;71;72;73;72;73;72;72;72;72;72;71;73;72;72;72;74;70;71;72;72;74;73;71;71;73;75;77;67;68;71;71;67;67;71;71;70;70;70;72;72;81;51;50;54;53;50;49;59;58;59;62;63;62;70;67;68;69;70;68;68;74;75;59;59;59;59;59;61;60;60;60;44;44;48;52;0;59;59;58;63;62;61;67;58;61;68;68;69;68;68;68;70;73;68;68;67;68;71;68;69;69;69;69;72;95;95;96;95;95;103;88;90;90;90;90;90;89;89;91;89;92;92;92;92;91;92;94;93;93;91;92;93;92;92;92;96;94;89
82;80;81;82;81;81;81;81;82;80;80;80;81;81;81;80;81;81;81;81;84;87;87;87;87;87;87;86;89;89;86;87;86;87;86;86;86;86;86;87;87;88;88;88;90;88;87;86;88;88;85;85;85;87;88;90;78;79;81;81;78;78;74;79;78;78;78;78;85;86;67;66;70;69;66;65;77;78;78;83;80;76;81;80;78;81;82;82;80;82;83;71;71;71;71;71;73;70;70;70;61;61;63;74;59;0;85;84;85;84;83;86;85;75;84;84;85;84;84;84;85;88;83;83;82;81;86;83;87;79;79;79;85;100;100;103;100;96;111;87;89;89;91;89;88;89;89;90;89;93;87;87;87;88;87;89;88;88;88;87;88;87;87;90;90;96;88
76;69;70;71;70;70;70;70;71;69;69;69;69;68;70;69;69;70;70;70;70;76;76;76;76;76;76;75;78;74;73;74;73;74;73;73;73;73;73;72;72;75;75;75;77;75;78;75;75;75;74;72;72;74;77;79;79;80;80;80;79;79;78;78;77;73;73;75;77;88;67;68;71;69;68;67;72;71;72;72;75;75;82;84;81;80;81;79;79;85;86;65;65;65;65;65;67;66;66;66;56;56;61;66;59;85;0;1;29;28;26;34;40;77;78;78;79;78;78;78;80;83;78;76;77;76;81;80;79;77;77;77;82;99;99;99;100;97;108;95;95;95;95;96;97;96;96;98;96;97;96;96;96;97;96;98;97;97;97;96;97;96;96;90;93;99;92
75;68;69;70;69;69;69;69;70;68;68;68;68;67;69;68;68;69;69;71;69;75;75;75;75;75;75;74;77;73;72;73;72;73;72;72;72;72;72;71;71;74;74;74;76;74;77;74;74;74;73;71;71;73;76;78;78;79;81;81;78;78;77;77;76;72;72;74;76;87;66;67;70;68;67;66;71;70;71;71;74;74;81;83;80;79;80;78;78;84;85;66;66;66;66;66;68;67;67;67;55;55;60;65;58;84;1;0;28;27;25;33;39;76;77;77;78;77;77;77;79;82;77;75;76;75;80;79;78;76;76;76;81;100;100;100;99;96;107;94;94;94;94;95;96;95;95;97;95;98;95;95;95;96;95;97;96;96;96;95;96;95;95;89;94;98;93
77;72;73;74;73;73;73;73;74;72;72;72;72;73;73;72;71;73;73;75;74;79;79;79;79;79;79;78;81;76;79;80;79;80;79;79;79;79;79;78;78;81;81;81;83;81;82;81;81;81;80;78;78;80;84;86;79;80;82;82;79;79;75;79;78;74;74;76;80;90;67;68;71;71;70;67;69;69;70;72;78;76;84;85;82;81;82;80;80;86;87;70;70;70;70;70;72;71;71;71;61;61;63;68;63;85;29;28;0;1;9;12;42;80;79;79;80;79;79;79;81;84;79;77;78;77;81;79;76;76;76;76;79;107;107;107;107;97;103;97;97;97;99;97;99;98;98;100;98;101;97;97;97;98;97;99;98;98;98;97;98;97;97;95;96;99;94
76;71;72;73;72;72;72;72;73;71;71;71;71;72;72;71;70;72;72;74;73;78;78;78;78;78;78;77;80;75;78;79;78;79;78;78;78;78;78;77;77;80;80;80;82;80;81;80;80;80;79;77;77;79;83;85;78;79;81;81;78;78;74;78;77;73;73;75;79;89;66;67;70;70;69;66;68;68;69;71;77;75;83;84;81;80;81;79;79;85;86;69;69;69;69;69;71;70;70;70;60;60;62;67;62;84;28;27;1;0;8;13;41;79;78;78;79;78;78;78;80;83;78;76;77;76;80;78;75;75;75;75;78;106;106;106;106;96;103;96;96;96;98;96;98;97;97;99;97;100;96;96;96;97;96;98;97;97;97;96;97;96;96;94;97;98;93
75;70;71;72;71;71;71;71;72;70;70;70;70;71;71;70;70;71;71;73;71;77;77;77;77;77;77;76;79;72;76;77;76;77;76;76;76;76;76;75;75;78;78;78;80;78;79;78;78;78;77;75;75;77;81;83;76;77;79;79;76;76;72;76;75;72;72;74;76;89;65;66;69;69;68;65;69;69;70;72;74;72;80;81;78;77;78;76;76;82;83;69;69;69;69;69;71;70;70;70;59;59;61;66;61;83;26;25;9;8;0;10;41;78;77;77;78;75;75;77;79;82;77;75;76;75;80;79;76;76;76;76;79;101;101;101;103;94;100;91;91;91;93;91;94;92;92;94;92;95;90;90;90;91;90;92;91;91;91;90;91;90;90;90;93;95;90
78;73;74;75;74;74;74;74;75;73;73;73;73;74;74;73;74;74;74;76;76;82;82;82;82;82;82;81;84;76;83;84;83;84;83;83;83;83;83;82;82;85;85;85;87;85;86;85;85;85;84;82;82;84;88;90;79;80;82;82;79;79;75;79;78;75;75;79;81;92;70;71;74;74;73;70;74;74;75;77;79;79;87;88;85;84;85;83;83;89;90;72;72;72;72;72;74;73;73;73;65;65;64;72;67;86;34;33;12;13;10;0;47;84;83;83;84;83;83;83;85;88;83;81;82;81;88;85;82;80;80;80;85;106;106;106;106;101;102;94;94;94;96;94;97;95;95;97;95;100;91;91;91;92;91;93;92;92;92;91;92;91;91;96;93;99;94
78;73;70;71;70;70;70;70;71;71;71;71;71;70;72;71;72;70;70;72;76;81;81;81;81;81;81;80;83;80;77;78;77;78;77;77;77;77;77;76;76;79;79;79;81;79;82;79;79;79;78;76;76;76;79;81;82;83;85;85;82;82;76;80;79;73;73;75;73;86;65;66;69;69;66;65;67;67;68;69;72;72;80;81;78;76;77;75;73;81;82;72;72;72;72;72;74;71;71;71;63;63;62;62;58;85;40;39;42;41;41;47;0;80;81;81;82;81;81;81;83;86;81;79;80;79;84;81;80;80;80;80;85;100;100;100;104;103;110;94;94;94;94;94;96;93;93;95;93;94;90;90;90;91;90;92;91;91;91;90;91;90;90;90;95;94;92
70;69;67;68;67;67;67;67;68;67;67;67;67;68;68;66;68;68;68;69;74;70;70;70;70;70;70;69;70;71;75;76;75;76;75;75;75;75;75;74;74;77;77;77;79;77;79;76;77;77;74;74;74;75;77;79;78;79;82;82;78;78;73;74;73;73;73;75;73;80;65;66;70;69;64;65;76;75;76;78;74;71;77;74;74;74;75;73;74;77;78;68;68;68;68;68;70;69;69;69;53;53;60;70;61;75;77;76;80;79;78;84;80;0;70;70;71;70;70;70;70;73;70;70;69;68;75;72;75;73;73;73;77;101;101;102;97;97;110;94;96;97;99;96;95;92;92;92;92;97;94;94;94;95;94;96;95;95;95;94;95;94;94;99;103;102;96
84;81;75;76;75;75;75;75;76;75;75;75;75;76;74;75;76;76;76;73;83;84;84;84;84;84;84;85;85;86;75;76;75;76;75;75;75;75;75;76;74;77;77;77;79;77;78;77;76;76;76;76;76;75;76;78;80;81;83;83;80;80;80;78;77;79;79;79;76;87;67;66;68;69;65;65;71;70;70;73;83;79;84;85;82;78;79;77;78;83;84;70;70;70;70;70;70;71;71;71;57;57;65;56;68;84;78;77;79;78;77;83;81;70;0;1;4;3;3;3;6;9;6;5;4;5;10;7;10;12;12;12;28;100;100;102;95;92;101;88;90;92;94;91;90;88;88;90;88;90;96;96;96;97;96;98;97;97;97;96;97;96;96;92;91;92;91
84;81;75;76;75;75;75;75;76;75;75;75;75;76;74;75;76;76;76;73;83;84;84;84;84;84;84;85;85;86;75;76;75;76;75;75;75;75;75;76;74;77;77;77;79;77;78;77;76;76;76;76;76;75;76;78;80;81;83;83;80;80;80;78;77;79;79;79;76;87;67;66;68;69;65;65;71;70;70;73;83;79;84;85;82;77;78;76;78;82;83;70;70;70;70;70;70;71;71;71;57;57;65;56;68;84;78;77;79;78;77;83;81;70;1;0;3;2;2;2;5;8;5;4;3;4;9;6;9;11;11;11;27;100;100;102;95;92;101;88;90;92;94;91;90;88;88;90;88;90;96;96;96;97;96;98;97;97;97;96;97;96;96;92;91;92;91
85;82;76;77;76;76;76;76;77;76;76;76;76;77;75;76;77;77;77;72;84;85;85;85;85;85;85;86;86;87;76;77;76;77;76;76;76;76;76;77;75;78;78;78;80;78;79;78;77;77;77;77;77;76;77;79;81;82;84;84;81;81;81;79;78;80;80;80;79;88;68;67;69;70;66;66;72;71;71;75;84;80;85;86;83;78;79;77;79;83;84;71;71;71;71;71;71;72;72;72;58;58;64;59;69;85;79;78;80;79;78;84;82;71;4;3;0;3;3;3;6;9;6;5;4;5;10;7;10;12;12;12;28;103;103;105;98;95;103;89;91;93;95;92;91;89;89;91;89;91;97;97;97;98;97;99;98;98;98;97;98;97;97;93;92;93;92
84;81;75;76;75;75;75;75;76;75;75;75;75;76;74;75;76;76;76;73;83;84;84;84;84;84;84;85;85;86;75;76;75;76;75;75;75;75;75;76;74;77;77;77;79;77;78;77;76;76;76;76;76;75;76;78;80;81;83;83;80;80;80;78;77;79;79;79;76;87;67;66;68;69;65;65;71;70;70;74;81;77;82;83;80;75;76;74;76;80;81;70;70;70;70;70;70;71;71;71;57;57;65;58;68;84;78;77;79;78;75;83;81;70;3;2;3;0;0;2;5;8;5;4;3;4;9;6;9;11;11;11;27;100;100;102;95;92;102;86;88;90;92;89;88;86;86;88;86;88;94;94;94;95;94;96;95;95;95;94;95;94;94;90;89;90;89
84;81;75;76;75;75;75;75;76;75;75;75;75;76;74;75;76;76;76;73;83;84;84;84;84;84;84;85;85;86;75;76;75;76;75;75;75;75;75;76;74;77;77;77;79;77;78;77;76;76;76;76;76;75;76;78;80;81;83;83;80;80;80;78;77;79;79;79;76;87;67;66;68;69;65;65;71;70;70;74;81;77;82;83;80;75;76;74;76;80;81;70;70;70;70;70;70;71;71;71;57;57;65;58;68;84;78;77;79;78;75;83;81;70;3;2;3;0;0;2;5;8;5;4;3;4;9;6;9;11;11;11;27;100;100;102;95;92;102;86;88;90;92;89;88;86;86;88;86;88;94;94;94;95;94;96;95;95;95;94;95;94;94;90;89;90;89
84;81;75;76;75;75;75;75;76;75;75;75;75;76;74;75;76;76;76;73;83;84;84;84;84;84;84;85;85;86;75;76;75;76;75;75;75;75;75;76;74;77;77;77;79;77;78;77;76;76;76;76;76;75;76;78;80;81;83;83;80;80;80;78;77;79;79;79;78;87;67;66;68;69;65;65;71;70;70;74;83;79;84;85;82;77;78;76;78;82;83;70;70;70;70;70;70;71;71;71;57;57;65;58;68;84;78;77;79;78;77;83;81;70;3;2;3;2;2;0;5;8;5;4;3;4;9;6;7;11;11;11;27;102;102;104;97;94;102;88;90;92;94;91;90;88;88;90;88;90;96;96;96;97;96;98;97;97;97;96;97;96;96;92;91;92;91
86;83;77;78;77;77;77;77;78;77;77;77;77;78;76;77;78;78;78;75;85;82;82;82;82;82;82;83;83;86;77;78;77;78;77;77;77;77;77;78;76;77;77;77;79;77;78;79;78;78;78;78;78;77;78;80;82;83;85;85;82;82;82;80;79;81;81;81;80;87;68;67;69;70;66;66;73;72;72;77;84;80;85;86;83;78;79;77;79;83;84;71;71;71;71;71;71;72;72;72;59;59;67;60;70;85;80;79;81;80;79;85;83;70;6;5;6;5;5;5;0;5;4;5;4;5;12;9;12;14;14;14;30;105;105;107;100;97;103;87;89;91;93;90;89;89;89;91;89;93;97;97;97;98;97;99;98;98;98;97;98;97;97;93;92;93;92
89;86;80;81;80;80;80;80;81;80;80;80;80;81;79;80;81;81;81;78;88;87;87;87;87;87;87;88;88;89;80;81;80;81;80;80;80;80;80;81;79;82;82;82;84;82;83;82;81;81;81;81;81;80;81;83;85;86;88;88;85;85;85;83;82;84;84;84;83;90;71;70;72;73;69;69;76;75;75;80;87;83;88;89;86;81;82;80;82;86;87;75;75;75;75;75;75;76;76;76;62;62;70;63;73;88;83;82;84;83;82;88;86;73;9;8;9;8;8;8;5;0;7;8;7;8;15;12;15;17;17;17;33;108;108;110;103;100;106;92;94;96;98;95;94;94;94;96;94;96;102;102;102;103;102;104;103;103;103;102;103;102;102;98;97;98;97
85;82;76;77;76;76;76;76;77;76;76;76;76;77;75;76;77;77;77;74;84;85;85;85;85;85;85;86;86;87;76;77;76;77;76;76;76;76;76;77;75;78;78;78;80;78;79;78;77;77;77;77;77;76;77;79;79;80;82;82;79;79;81;79;78;80;80;80;79;88;68;67;69;70;66;66;72;71;71;76;84;80;85;86;83;78;79;77;79;83;84;71;71;71;71;71;71;72;72;72;57;57;65;56;68;83;78;77;79;78;77;83;81;70;6;5;6;5;5;5;4;7;0;5;4;5;12;9;12;14;14;14;30;105;105;107;100;97;101;89;91;93;95;92;91;91;91;93;91;93;99;99;99;100;99;101;100;100;100;99;100;99;99;95;92;93;92
84;81;75;76;75;75;75;75;76;75;75;75;75;76;74;75;76;76;76;73;83;84;84;84;84;84;84;85;85;86;75;76;75;76;75;75;75;75;75;76;74;77;77;77;79;77;78;77;76;76;76;76;76;75;76;78;80;81;83;83;80;80;80;78;77;79;79;79;76;87;67;66;68;69;65;65;71;70;70;75;83;79;84;85;82;77;78;76;78;82;83;70;70;70;70;70;70;71;71;71;57;57;65;58;68;83;76;75;77;76;75;81;79;70;5;4;5;4;4;4;5;8;5;0;1;2;11;8;11;13;13;13;27;102;102;104;97;94;100;87;89;91;93;90;89;89;89;91;89;91;97;97;97;98;97;99;98;98;98;97;98;97;97;91;92;93;92
83;80;74;75;74;74;74;74;75;74;74;74;74;75;73;74;75;75;75;72;82;83;83;83;83;83;83;84;84;85;74;75;74;75;74;74;74;74;74;75;73;76;76;76;78;76;77;76;75;75;75;75;75;74;75;77;79;80;82;82;79;79;79;77;76;78;78;78;77;86;66;65;67;68;64;64;70;69;69;74;82;78;83;84;81;76;77;75;77;81;82;69;69;69;69;69;69;70;70;70;56;56;64;57;67;82;77;76;78;77;76;82;80;69;4;3;4;3;3;3;4;7;4;1;0;1;10;7;10;12;12;12;26;101;101;103;96;93;101;86;88;90;92;89;88;88;88;90;88;90;96;96;96;97;96;98;97;97;97;96;97;96;96;92;91;92;91
82;79;73;74;73;73;73;73;74;73;73;73;73;74;72;73;74;74;74;71;81;82;82;82;82;82;82;83;83;84;73;74;73;74;73;73;73;73;73;74;72;75;75;75;77;75;76;75;74;74;74;74;74;73;74;76;78;79;81;81;78;78;78;78;77;77;77;77;76;85;65;64;66;67;63;63;69;68;68;73;81;77;82;83;80;75;76;74;76;80;81;70;70;70;70;70;70;71;71;71;55;55;63;58;68;81;76;75;77;76;75;81;79;68;5;4;5;4;4;4;5;8;5;2;1;0;11;8;11;11;11;11;27;102;102;104;97;94;102;85;87;89;91;88;87;87;87;89;87;89;95;95;95;96;95;97;96;96;96;95;96;95;95;91;90;91;90
87;84;78;79;78;78;78;78;79;78;78;78;78;79;77;78;78;79;79;76;84;86;86;86;86;86;86;87;87;87;76;77;76;77;76;76;76;76;76;77;75;78;78;78;78;78;79;78;77;77;77;77;77;76;77;79;81;82;82;82;81;81;81;81;80;80;80;80;79;88;68;67;69;70;66;66;70;69;69;73;84;80;86;87;84;80;81;79;81;85;86;71;71;71;71;71;71;72;72;72;60;60;70;63;71;86;81;80;81;80;80;88;84;75;10;9;10;9;9;9;12;15;12;11;10;11;0;3;8;8;8;8;26;105;105;107;100;96;106;89;91;93;95;92;91;89;89;91;89;91;95;95;95;96;95;97;96;96;96;95;96;95;95;94;92;93;92
84;81;75;76;75;75;75;75;76;75;75;75;75;76;74;75;76;76;76;73;83;84;84;84;84;84;84;85;85;86;75;76;75;76;75;75;75;75;75;76;74;77;77;77;79;77;78;77;76;76;76;76;76;75;76;78;78;79;81;81;78;78;78;78;77;77;77;77;76;85;65;64;66;67;63;63;67;66;66;70;81;77;83;84;81;77;78;76;78;82;83;68;68;68;68;68;68;69;69;69;57;57;67;60;68;83;80;79;79;78;79;85;81;72;7;6;7;6;6;6;9;12;9;8;7;8;3;0;5;7;7;7;23;103;103;105;98;94;103;86;88;90;92;89;88;86;86;88;86;88;94;94;94;95;94;96;95;95;95;94;95;94;94;91;89;90;89
81;78;74;75;74;74;74;74;75;74;74;74;74;75;73;74;75;75;75;72;80;85;85;85;85;85;85;86;86;85;74;75;74;75;74;74;74;74;74;75;73;76;76;76;78;76;77;76;75;75;75;75;75;74;75;77;79;80;82;82;79;79;79;79;78;78;78;78;77;88;68;67;69;70;66;66;70;69;69;73;82;78;85;86;83;78;79;77;79;83;84;71;71;71;71;71;71;72;72;72;58;58;68;59;69;87;79;78;76;75;76;82;80;75;10;9;10;9;9;7;12;15;12;11;10;11;8;5;0;10;10;10;28;103;103;105;98;94;103;86;88;90;92;89;88;86;86;88;86;88;94;94;94;95;94;96;95;95;95;94;95;94;94;91;88;91;90
83;80;74;75;74;74;74;74;75;74;74;74;74;75;73;74;75;75;75;72;82;81;81;81;81;81;81;82;82;83;76;77;76;77;76;76;76;76;76;77;75;78;78;78;78;80;81;78;77;77;77;77;77;76;78;80;79;80;80;80;79;79;79;81;80;78;78;78;78;86;66;65;67;68;64;64;68;67;67;71;82;78;83;84;81;78;79;77;79;83;84;69;69;69;69;69;69;70;70;70;56;56;66;63;69;79;77;76;76;75;76;80;80;73;12;11;12;11;11;11;14;17;14;13;12;11;8;7;10;0;0;0;24;102;102;104;97;95;101;83;85;87;89;86;85;85;85;87;85;89;89;89;89;90;89;91;90;90;90;89;90;89;89;88;86;89;88
83;80;74;75;74;74;74;74;75;74;74;74;74;75;73;74;75;75;75;72;82;81;81;81;81;81;81;82;82;83;76;77;76;77;76;76;76;76;76;77;75;78;78;78;78;80;81;78;77;77;77;77;77;76;78;80;79;80;80;80;79;79;79;81;80;78;78;78;78;86;66;65;67;68;64;64;68;67;67;71;82;78;83;84;81;78;79;77;79;83;84;69;69;69;69;69;69;70;70;70;56;56;66;63;69;79;77;76;76;75;76;80;80;73;12;11;12;11;11;11;14;17;14;13;12;11;8;7;10;0;0;0;24;102;102;104;97;95;101;83;85;87;89;86;85;85;85;87;85;89;89;89;89;90;89;91;90;90;90;89;90;89;89;88;86;89;88
83;80;74;75;74;74;74;74;75;74;74;74;74;75;73;74;75;75;75;72;82;81;81;81;81;81;81;82;82;83;76;77;76;77;76;76;76;76;76;77;75;78;78;78;78;80;81;78;77;77;77;77;77;76;78;80;79;80;80;80;79;79;79;81;80;78;78;78;78;86;66;65;67;68;64;64;68;67;67;71;82;78;83;84;81;78;79;77;79;83;84;69;69;69;69;69;69;70;70;70;56;56;66;63;69;79;77;76;76;75;76;80;80;73;12;11;12;11;11;11;14;17;14;13;12;11;8;7;10;0;0;0;24;102;102;104;97;95;101;83;85;87;89;86;85;85;85;87;85;89;89;89;89;90;89;91;90;90;90;89;90;89;89;88;86;89;88
83;80;74;75;74;74;74;74;75;74;74;74;74;75;73;74;75;75;75;72;82;81;81;81;81;81;81;82;82;83;78;79;78;79;78;78;78;78;78;79;77;80;80;80;82;82;83;80;79;77;79;77;77;78;79;81;75;76;78;78;75;75;77;75;74;74;74;74;78;82;64;63;65;66;64;62;68;67;67;71;78;74;80;81;78;82;83;81;83;87;88;69;69;69;69;69;69;70;70;70;64;64;72;70;72;85;82;81;79;78;79;85;85;77;28;27;28;27;27;27;30;33;30;27;26;27;26;23;28;24;24;24;0;100;100;102;95;93;99;87;89;91;93;90;89;85;85;87;85;91;98;98;98;99;98;98;97;97;99;98;99;98;98;93;98;93;90
101;94;96;97;96;96;96;96;97;96;96;96;96;97;97;96;96;97;97;98;97;103;103;103;103;103;103;102;103;101;102;103;102;103;102;102;102;102;102;101;102;104;104;104;106;104;105;103;103;103;102;101;101;102;105;105;102;103;104;104;102;102;95;98;97;97;97;101;99;94;105;104;106;103;102;105;108;107;108;110;101;102;106;107;104;107;108;106;106;110;110;101;101;101;101;101;103;101;101;101;97;97;104;98;95;100;99;100;107;106;101;106;100;101;100;100;103;100;100;102;105;108;105;102;101;102;105;103;103;102;102;102;100;0;0;4;13;53;71;78;80;80;82;76;80;74;74;74;74;76;76;76;76;77;76;78;77;77;77;76;77;76;76;80;79;82;79
101;94;96;97;96;96;96;96;97;96;96;96;96;97;97;96;96;97;97;98;97;103;103;103;103;103;103;102;103;101;102;103;102;103;102;102;102;102;102;101;102;104;104;104;106;104;105;103;103;103;102;101;101;102;105;105;102;103;104;104;102;102;95;98;97;97;97;101;99;94;105;104;106;103;102;105;108;107;108;110;101;102;106;107;104;107;108;106;106;110;110;101;101;101;101;101;103;101;101;101;97;97;104;98;95;100;99;100;107;106;101;106;100;101;100;100;103;100;100;102;105;108;105;102;101;102;105;103;103;102;102;102;100;0;0;4;13;53;71;78;80;80;82;76;80;74;74;74;74;76;76;76;76;77;76;78;77;77;77;76;77;76;76;80;79;82;79
101;94;96;97;96;96;96;96;97;96;96;96;96;97;97;96;96;97;97;98;98;104;104;104;104;104;104;103;104;102;103;104;103;104;103;103;103;103;103;102;103;105;105;105;107;105;106;104;104;104;103;102;102;103;106;106;103;104;105;105;103;103;96;99;98;98;98;102;99;95;106;105;107;104;103;106;108;107;108;110;102;103;107;108;105;108;109;107;107;111;111;102;102;102;102;102;104;102;102;102;98;98;105;98;96;103;99;100;107;106;101;106;100;102;102;102;105;102;102;104;107;110;107;104;103;104;107;105;105;104;104;104;102;4;4;0;17;57;75;81;83;83;85;79;83;77;77;77;77;79;79;79;79;80;79;81;80;80;80;79;80;79;79;83;83;85;82
97;90;92;93;92;92;92;92;93;92;92;92;92;93;93;92;92;93;93;96;93;99;99;99;99;99;99;98;99;97;98;99;98;99;98;98;98;98;98;99;98;100;100;100;102;100;101;99;99;99;98;97;97;98;101;101;102;103;106;106;102;102;93;96;95;95;95;99;97;95;101;100;102;99;98;101;108;107;107;110;97;98;104;103;100;105;106;104;104;108;108;101;101;101;101;101;103;101;101;101;93;93;102;100;95;100;100;99;107;106;103;106;104;97;95;95;98;95;95;97;100;103;100;97;96;97;100;98;98;97;97;97;95;13;13;17;0;53;70;78;80;80;82;76;79;74;74;74;74;80;78;78;78;79;78;80;79;79;79;78;79;78;78;81;77;76;79
97;90;90;91;90;90;90;90;91;90;90;90;90;91;91;90;90;91;91;92;91;100;100;100;100;100;100;99;100;99;95;96;95;96;95;95;95;95;95;94;94;97;97;97;97;97;98;96;96;96;95;94;94;95;96;98;92;93;98;98;92;92;86;89;88;88;88;90;92;89;92;93;95;94;91;94;93;94;95;95;95;94;96;95;96;95;96;94;94;100;100;93;93;93;93;93;95;93;93;93;84;84;91;85;95;96;97;96;97;96;94;101;103;97;92;92;95;92;92;94;97;100;97;94;93;94;96;94;94;95;95;95;93;53;53;57;53;0;72;72;74;74;76;74;73;72;72;72;72;72;73;73;73;74;73;75;74;74;74;73;74;73;73;68;75;81;74
111;106;106;107;106;106;106;106;107;106;106;106;106;107;105;106;107;105;105;108;108;115;115;115;115;115;115;114;117;112;102;103;102;103;102;102;102;102;102;101;101;104;104;104;104;104;105;103;103;103;102;103;101;102;103;105;103;104;109;108;103;103;97;102;101;101;101;101;101;105;107;106;108;107;106;105;108;107;108;108;105;104;105;104;104;108;109;107;107;111;111;103;103;103;103;103;103;104;104;104;94;94;106;99;103;111;108;107;103;103;100;102;110;110;101;101;103;102;102;102;103;106;101;100;101;102;106;103;103;101;101;101;99;71;71;75;70;72;0;98;100;100;102;98;100;99;99;99;99;103;99;99;99;99;99;101;100;100;99;99;100;99;99;91;98;103;97
90;87;83;84;83;83;83;83;84;84;84;84;84;85;85;84;85;85;85;83;91;94;94;94;94;94;94;93;96;95;99;100;99;100;99;99;99;99;99;100;98;99;99;99;101;99;100;100;101;101;100;98;98;98;99;99;88;89;94;94;88;88;84;87;86;84;84;88;83;86;84;83;86;86;85;84;90;89;89;94;93;91;94;93;92;92;93;91;90;99;99;84;84;84;84;84;86;84;84;84;74;74;78;90;88;87;95;94;97;96;91;94;94;94;88;88;89;86;86;88;87;92;89;87;86;85;89;86;86;83;83;83;87;78;78;81;78;72;98;0;2;4;6;6;3;16;16;18;16;21;29;29;29;30;29;31;30;30;30;29;30;29;29;35;47;39;42
92;89;85;86;85;85;85;85;86;86;86;86;86;87;87;86;87;87;87;85;91;96;96;96;96;96;96;95;98;97;99;100;99;100;99;99;99;99;99;100;98;99;99;99;101;99;100;100;101;101;100;98;98;98;99;99;90;91;96;96;90;90;86;89;88;86;86;90;85;88;86;85;88;88;87;86;90;89;89;94;93;91;94;93;92;94;95;93;92;101;101;84;84;84;84;84;86;84;84;84;74;74;80;92;90;89;95;94;97;96;91;94;94;96;90;90;91;88;88;90;89;94;91;89;88;87;91;88;88;85;85;85;89;80;80;83;80;74;100;2;0;4;6;8;5;18;18;20;18;23;31;31;31;32;31;33;32;32;32;31;32;31;31;37;49;41;44
91;88;84;85;84;84;84;84;85;85;85;85;85;86;86;85;86;86;86;84;90;95;95;95;95;95;95;94;97;96;98;97;98;99;98;98;98;98;98;99;97;98;98;98;100;98;99;99;100;100;99;97;97;97;98;98;89;90;95;95;89;89;85;88;87;85;85;89;84;87;85;84;87;87;86;85;89;88;88;93;94;92;97;96;95;93;94;92;91;100;100;83;83;83;83;83;85;83;83;83;74;74;80;92;90;89;95;94;97;96;91;94;94;97;92;92;93;90;90;92;91;96;93;91;90;89;93;90;90;87;87;87;91;80;80;83;80;74;100;4;4;0;2;10;7;18;18;20;18;23;29;29;29;30;29;31;30;30;30;29;30;29;29;39;49;43;44
93;90;86;87;86;86;86;86;87;87;87;87;87;86;88;87;88;88;88;86;92;97;97;97;97;97;97;96;99;98;100;99;100;101;100;100;100;100;100;101;99;100;100;100;102;100;101;101;102;102;101;99;99;99;100;100;91;92;97;97;91;91;87;90;89;87;87;91;84;89;87;86;89;89;88;87;89;88;88;93;94;94;99;98;97;95;96;94;93;102;102;85;85;85;85;85;87;85;85;85;76;76;82;92;90;91;95;94;99;98;93;96;94;99;94;94;95;92;92;94;93;98;95;93;92;91;95;92;92;89;89;89;93;82;82;85;82;76;102;6;6;2;0;12;9;20;20;22;20;25;31;31;31;32;31;33;32;32;32;31;32;31;31;41;51;45;46
91;88;84;85;84;84;84;84;85;85;85;85;85;86;86;85;86;86;86;86;92;95;95;95;95;95;95;94;97;96;101;102;101;102;101;101;101;101;101;102;100;101;101;101;103;101;102;102;103;103;102;100;100;100;101;101;90;91;96;96;90;90;86;89;88;86;86;90;84;88;86;85;86;88;87;86;92;91;91;96;95;95;98;97;96;96;97;95;94;103;103;86;86;86;86;86;88;86;86;86;78;78;80;93;90;89;96;95;97;96;91;94;94;96;91;91;92;89;89;91;90;95;92;90;89;88;92;89;89;86;86;86;90;76;76;79;76;74;98;6;8;10;12;0;9;20;20;22;20;25;30;30;30;31;30;32;31;31;31;30;31;30;30;39;53;43;46
92;89;85;86;85;85;85;85;86;86;86;86;86;87;87;86;87;87;87;85;93;96;96;96;96;96;96;95;98;97;101;102;101;102;101;101;101;101;101;102;100;101;101;101;103;101;102;102;103;103;102;100;100;100;101;101;90;91;96;96;90;90;85;89;88;86;86;90;85;88;86;85;88;88;87;86;92;91;91;96;94;92;95;94;93;93;94;92;91;100;100;86;86;86;86;86;88;86;86;86;76;76;80;92;90;88;97;96;99;98;94;97;96;95;90;90;91;88;88;90;89;94;91;89;88;87;91;88;88;85;85;85;89;80;80;83;79;73;100;3;5;7;9;9;0;19;19;20;19;24;31;31;31;32;31;33;32;32;32;31;32;31;31;36;48;40;43
84;83;77;78;77;77;77;77;78;78;78;78;78;79;79;78;79;79;79;77;85;89;89;89;89;89;89;90;91;90;97;98;97;98;97;97;97;97;97;98;96;97;97;97;99;99;98;98;99;97;98;96;96;96;97;97;86;87;92;92;86;86;82;85;84;80;80;84;81;83;82;81;84;84;83;82;88;87;87;91;91;89;98;97;96;92;93;91;90;99;99;84;84;84;84;84;86;84;84;84;77;77;78;92;89;89;96;95;98;97;92;95;93;92;88;88;89;86;86;88;89;94;91;89;88;87;89;86;86;85;85;85;85;74;74;77;74;72;99;16;18;18;20;20;19;0;0;2;0;15;31;31;31;32;31;33;32;32;32;31;32;31;31;41;51;45;39
84;83;77;78;77;77;77;77;78;78;78;78;78;79;79;78;79;79;79;77;85;89;89;89;89;89;89;90;91;90;97;98;97;98;97;97;97;97;97;98;96;97;97;97;99;99;98;98;99;97;98;96;96;96;97;97;86;87;92;92;86;86;82;85;84;80;80;84;81;83;82;81;84;84;83;82;88;87;87;91;91;89;98;97;96;92;93;91;90;99;99;84;84;84;84;84;86;84;84;84;77;77;78;92;89;89;96;95;98;97;92;95;93;92;88;88;89;86;86;88;89;94;91;89;88;87;89;86;86;85;85;85;85;74;74;77;74;72;99;16;18;18;20;20;19;0;0;2;0;15;31;31;31;32;31;33;32;32;32;31;32;31;31;41;51;45;39
86;85;79;80;79;79;79;79;80;80;80;80;80;81;81;80;81;81;81;79;87;91;91;91;91;91;91;92;93;92;99;100;99;100;99;99;99;99;99;100;98;99;99;99;101;101;100;100;101;99;100;98;98;98;99;99;88;89;94;94;88;88;82;85;84;80;80;84;83;85;84;83;86;86;85;84;88;87;87;91;91;89;98;97;96;92;93;91;90;97;97;86;86;86;86;86;88;86;86;86;79;79;78;94;91;90;98;97;100;99;94;97;95;92;90;90;91;88;88;90;91;96;93;91;90;89;91;88;88;87;87;87;87;74;74;77;74;72;99;18;20;20;22;22;20;2;2;0;2;17;31;31;31;32;31;33;32;32;32;31;32;31;31;41;51;45;39
84;83;77;78;77;77;77;77;78;78;78;78;78;79;79;78;79;79;79;77;85;89;89;89;89;89;89;90;91;90;97;98;97;98;97;97;97;97;97;98;96;97;97;97;99;99;98;98;99;97;98;96;96;96;97;97;86;87;92;92;86;86;82;85;84;80;80;84;81;83;82;81;84;84;83;82;88;87;87;91;91;89;98;97;96;92;93;91;90;99;99;84;84;84;84;84;86;84;84;84;77;77;78;92;89;89;96;95;98;97;92;95;93;92;88;88;89;86;86;88;89;94;91;89;88;87;89;86;86;85;85;85;85;74;74;77;74;72;99;16;18;18;20;20;19;0;0;2;0;15;31;31;31;32;31;33;32;32;32;31;32;31;31;41;51;45;39
93;90;86;87;86;86;86;86;87;87;87;87;87;88;88;87;88;88;88;84;94;100;100;100;100;100;100;99;102;99;104;105;104;103;104;104;104;104;104;105;103;106;106;106;108;106;107;105;104;102;105;103;103;103;104;104;93;94;97;97;93;93;91;94;93;89;89;91;89;92;89;88;91;91;90;89;93;92;92;96;98;96;103;102;101;95;96;94;93;102;102;90;90;90;90;90;92;90;90;90;80;80;83;92;92;93;97;98;101;100;95;100;94;97;90;90;91;88;88;90;93;96;93;91;90;89;91;88;88;89;89;89;91;76;76;79;80;72;103;21;23;23;25;25;24;15;15;17;15;0;38;38;38;39;38;40;39;39;39;38;39;38;38;46;55;50;48
93;91;87;88;87;87;87;87;88;88;88;88;88;89;89;88;89;89;89;87;93;99;99;99;99;99;99;98;101;98;104;103;104;105;104;104;104;104;104;103;103;104;104;104;102;104;105;105;106;106;105;103;103;103;106;106;93;94;96;96;93;93;86;92;91;91;91;95;88;95;92;91;94;94;91;92;98;97;98;101;99;97;106;105;102;96;97;97;96;101;101;89;89;89;89;89;91;89;89;89;84;84;87;97;92;87;96;95;97;96;90;91;90;94;96;96;97;94;94;96;97;102;99;97;96;95;95;94;94;89;89;89;98;76;76;79;78;73;99;29;31;29;31;30;31;31;31;31;31;38;0;0;0;1;0;2;1;1;1;0;1;0;0;36;48;52;46
93;91;87;88;87;87;87;87;88;88;88;88;88;89;89;88;89;89;89;87;93;99;99;99;99;99;99;98;101;98;104;103;104;105;104;104;104;104;104;103;103;104;104;104;102;104;105;105;106;106;105;103;103;103;106;106;93;94;96;96;93;93;86;92;91;91;91;95;88;95;92;91;94;94;91;92;98;97;98;101;99;97;106;105;102;96;97;97;96;101;101;89;89;89;89;89;91;89;89;89;84;84;87;97;92;87;96;95;97;96;90;91;90;94;96;96;97;94;94;96;97;102;99;97;96;95;95;94;94;89;89;89;98;76;76;79;78;73;99;29;31;29;31;30;31;31;31;31;31;38;0;0;0;1;0;2;1;1;1;0;1;0;0;36;48;52;46
93;91;87;88;87;87;87;87;88;88;88;88;88;89;89;88;89;89;89;87;93;99;99;99;99;99;99;98;101;98;104;103;104;105;104;104;104;104;104;103;103;104;104;104;102;104;105;105;106;106;105;103;103;103;106;106;93;94;96;96;93;93;86;92;91;91;91;95;88;95;92;91;94;94;91;92;98;97;98;101;99;97;106;105;102;96;97;97;96;101;101;89;89;89;89;89;91;89;89;89;84;84;87;97;92;87;96;95;97;96;90;91;90;94;96;96;97;94;94;96;97;102;99;97;96;95;95;94;94;89;89;89;98;76;76;79;78;73;99;29;31;29;31;30;31;31;31;31;31;38;0;0;0;1;0;2;1;1;1;0;1;0;0;36;48;52;46
94;92;88;89;88;88;88;88;89;89;89;89;89;90;90;89;90;90;90;88;94;100;100;100;100;100;100;99;102;99;105;104;105;106;105;105;105;105;105;104;104;105;105;105;103;105;106;106;107;107;106;104;104;104;107;107;94;95;97;97;94;94;87;93;92;92;92;96;89;96;93;92;95;95;92;93;99;98;99;102;100;98;105;104;103;97;98;98;97;102;102;90;90;90;90;90;92;90;90;90;85;85;88;98;91;88;97;96;98;97;91;92;91;95;97;97;98;95;95;97;98;103;100;98;97;96;96;95;95;90;90;90;99;77;77;80;79;74;99;30;32;30;32;31;32;32;32;32;32;39;1;1;1;0;1;3;2;2;0;1;2;1;1;37;49;53;47
93;91;87;88;87;87;87;87;88;88;88;88;88;89;89;88;89;89;89;87;93;99;99;99;99;99;99;98;101;98;104;103;104;105;104;104;104;104;104;103;103;104;104;104;102;104;105;105;106;106;105;103;103;103;106;106;93;94;96;96;93;93;86;92;91;91;91;95;88;95;92;91;94;94;91;92;98;97;98;101;99;97;106;105;102;96;97;97;96;101;101;89;89;89;89;89;91;89;89;89;84;84;87;97;92;87;96;95;97;96;90;91;90;94;96;96;97;94;94;96;97;102;99;97;96;95;95;94;94;89;89;89;98;76;76;79;78;73;99;29;31;29;31;30;31;31;31;31;31;38;0;0;0;1;0;2;1;1;1;0;1;0;0;36;48;52;46
95;93;89;90;89;89;89;89;90;90;90;90;90;91;91;90;91;91;91;89;95;101;101;101;101;101;101;100;103;100;106;105;106;107;106;106;106;106;106;105;105;106;106;106;104;106;107;107;108;108;107;105;105;105;108;108;95;96;98;98;95;95;88;94;93;93;93;97;90;97;94;93;96;96;93;94;100;99;100;103;101;99;108;107;104;98;99;99;98;103;103;91;91;91;91;91;93;91;91;91;86;86;89;99;94;89;98;97;99;98;92;93;92;96;98;98;99;96;96;98;99;104;101;99;98;97;97;96;96;91;91;91;98;78;78;81;80;75;101;31;33;31;33;32;33;33;33;33;33;40;2;2;2;3;2;0;1;1;3;2;3;2;2;38;50;54;48
94;92;88;89;88;88;88;88;89;89;89;89;89;90;90;89;90;90;90;88;94;100;100;100;100;100;100;99;102;99;105;104;105;106;105;105;105;105;105;104;104;105;105;105;103;105;106;106;107;107;106;104;104;104;107;107;94;95;97;97;94;94;87;93;92;92;92;96;89;96;93;92;95;95;92;93;99;98;99;102;100;98;107;106;103;97;98;98;97;102;102;90;90;90;90;90;92;90;90;90;85;85;88;98;93;88;97;96;98;97;91;92;91;95;97;97;98;95;95;97;98;103;100;98;97;96;96;95;95;90;90;90;97;77;77;80;79;74;100;30;32;30;32;31;32;32;32;32;32;39;1;1;1;2;1;1;0;0;2;1;2;1;1;37;49;53;47
94;92;88;89;88;88;88;88;89;89;89;89;89;90;90;89;90;90;90;88;94;100;100;100;100;100;100;99;102;99;105;104;105;106;105;105;105;105;105;104;104;105;105;105;103;105;106;106;107;107;106;104;104;104;107;107;94;95;97;97;94;94;87;93;92;92;92;96;89;96;93;92;95;95;92;93;99;98;99;102;100;98;107;106;103;97;98;98;97;102;102;90;90;90;90;90;92;90;90;90;85;85;88;98;93;88;97;96;98;97;91;92;91;95;97;97;98;95;95;97;98;103;100;98;97;96;96;95;95;90;90;90;97;77;77;80;79;74;100;30;32;30;32;31;32;32;32;32;32;39;1;1;1;2;1;1;0;0;2;1;2;1;1;37;49;53;47
94;92;88;89;88;88;88;88;89;89;89;89;89;90;90;89;90;90;90;88;94;100;100;100;100;100;100;99;102;99;105;104;105;106;105;105;105;105;105;104;104;105;105;105;103;105;106;106;107;107;106;104;104;104;107;107;94;95;97;97;94;94;87;93;92;92;92;96;89;96;93;92;95;95;92;93;99;98;99;102;100;98;105;104;103;97;98;98;97;102;102;90;90;90;90;90;92;90;90;90;85;85;88;98;91;88;97;96;98;97;91;92;91;95;97;97;98;95;95;97;98;103;100;98;97;96;96;95;95;90;90;90;99;77;77;80;79;74;99;30;32;30;32;31;32;32;32;32;32;39;1;1;1;0;1;3;2;2;0;1;2;1;1;37;49;53;47
93;91;87;88;87;87;87;87;88;88;88;88;88;89;89;88;89;89;89;87;93;99;99;99;99;99;99;98;101;98;104;103;104;105;104;104;104;104;104;103;103;104;104;104;102;104;105;105;106;106;105;103;103;103;106;106;93;94;96;96;93;93;86;92;91;91;91;95;88;95;92;91;94;94;91;92;98;97;98;101;99;97;106;105;102;96;97;97;96;101;101;89;89;89;89;89;91;89;89;89;84;84;87;97;92;87;96;95;97;96;90;91;90;94;96;96;97;94;94;96;97;102;99;97;96;95;95;94;94;89;89;89;98;76;76;79;78;73;99;29;31;29;31;30;31;31;31;31;31;38;0;0;0;1;0;2;1;1;1;0;1;0;0;36;48;52;46
94;92;88;89;88;88;88;88;89;89;89;89;89;90;90;89;90;90;90;88;94;100;100;100;100;100;100;99;102;99;105;104;105;106;105;105;105;105;105;104;104;105;105;105;103;105;106;106;107;107;106;104;104;104;107;107;94;95;97;97;94;94;87;93;92;92;92;96;89;96;93;92;95;95;92;93;99;98;99;102;100;98;107;106;103;97;98;98;97;102;102;90;90;90;90;90;92;90;90;90;85;85;88;98;93;88;97;96;98;97;91;92;91;95;97;97;98;95;95;97;98;103;100;98;97;96;96;95;95;90;90;90;99;77;77;80;79;74;100;30;32;30;32;31;32;32;32;32;32;39;1;1;1;2;1;3;2;2;2;1;0;1;1;37;49;53;47
93;91;87;88;87;87;87;87;88;88;88;88;88;89;89;88;89;89;89;87;93;99;99;99;99;99;99;98;101;98;104;103;104;105;104;104;104;104;104;103;103;104;104;104;102;104;105;105;106;106;105;103;103;103;106;106;93;94;96;96;93;93;86;92;91;91;91;95;88;95;92;91;94;94;91;92;98;97;98;101;99;97;106;105;102;96;97;97;96;101;101;89;89;89;89;89;91;89;89;89;84;84;87;97;92;87;96;95;97;96;90;91;90;94;96;96;97;94;94;96;97;102;99;97;96;95;95;94;94;89;89;89;98;76;76;79;78;73;99;29;31;29;31;30;31;31;31;31;31;38;0;0;0;1;0;2;1;1;1;0;1;0;0;36;48;52;46
93;91;87;88;87;87;87;87;88;88;88;88;88;89;89;88;89;89;89;87;93;99;99;99;99;99;99;98;101;98;104;103;104;105;104;104;104;104;104;103;103;104;104;104;102;104;105;105;106;106;105;103;103;103;106;106;93;94;96;96;93;93;86;92;91;91;91;95;88;95;92;91;94;94;91;92;98;97;98;101;99;97;106;105;102;96;97;97;96;101;101;89;89;89;89;89;91;89;89;89;84;84;87;97;92;87;96;95;97;96;90;91;90;94;96;96;97;94;94;96;97;102;99;97;96;95;95;94;94;89;89;89;98;76;76;79;78;73;99;29;31;29;31;30;31;31;31;31;31;38;0;0;0;1;0;2;1;1;1;0;1;0;0;36;48;52;46
91;86;84;85;84;84;84;84;85;85;85;85;85;86;86;85;86;86;86;84;90;94;94;94;94;94;94;93;96;97;91;92;91;92;91;91;91;91;91;90;90;91;91;91;93;91;92;92;93;93;92;90;90;90;95;97;89;90;95;95;89;89;83;88;87;85;85;87;82;94;85;84;87;85;84;85;91;90;91;94;93;90;95;94;93;89;90;90;89;94;94;83;83;83;83;83;85;83;83;83;80;80;83;95;92;90;90;89;95;94;90;96;90;99;92;92;93;90;90;92;93;98;95;91;92;91;94;91;91;88;88;88;93;80;80;83;81;68;91;35;37;39;41;39;36;41;41;41;41;46;36;36;36;37;36;38;37;37;37;36;37;36;36;0;49;47;40
87;84;85;86;85;85;85;85;86;86;86;86;86;87;87;86;87;87;87;83;88;94;94;94;94;94;94;93;96;93;93;94;93;94;93;93;93;93;93;94;92;93;93;93;95;93;95;95;95;95;94;92;92;92;97;97;91;92;95;95;91;91;86;90;89;91;91;95;92;88;88;87;88;90;87;88;96;97;97;101;93;91;99;98;95;93;94;92;92;98;98;86;86;86;86;86;88;87;87;87;77;77;82;89;96;90;93;94;96;97;93;93;95;103;91;91;92;89;89;91;92;97;92;92;91;90;92;89;88;86;86;86;98;79;79;83;77;75;98;47;49;49;51;53;48;51;51;51;51;55;48;48;48;49;48;50;49;49;49;48;49;48;48;49;0;35;36
92;89;86;87;86;86;86;86;87;87;87;87;87;88;88;87;88;88;88;86;93;97;97;97;97;97;97;96;99;100;99;100;99;100;99;99;99;99;99;100;98;99;99;99;101;99;100;100;99;99;100;98;98;98;103;103;95;96;101;101;95;95;87;94;93;91;91;95;90;92;85;84;87;87;86;85;91;92;92;96;90;88;96;93;90;91;92;90;89;98;98;87;87;87;87;87;89;87;87;87;78;78;84;88;94;96;99;98;99;98;95;99;94;102;92;92;93;90;90;92;93;98;93;93;92;91;93;90;91;89;89;89;93;82;82;85;76;81;103;39;41;43;45;43;40;45;45;45;45;50;52;52;52;53;52;54;53;53;53;52;53;52;52;47;35;0;37
88;85;82;83;82;82;82;82;81;83;83;83;83;84;84;83;84;84;84;80;89;88;88;88;88;88;88;87;88;94;89;90;89;90;89;89;89;89;89;90;88;89;89;89;91;89;92;92;91;91;90;88;88;88;91;93;87;88;90;90;87;87;83;86;85;83;83;87;87;85;78;77;78;80;77;76;86;85;85;89;90;87;92;91;90;88;89;87;87;91;91;80;80;80;80;80;82;80;80;80;77;77;72;87;89;88;92;93;94;93;90;94;92;96;91;91;92;89;89;91;92;97;92;92;91;90;92;89;90;88;88;88;90;79;79;82;79;74;97;42;44;44;46;46;43;39;39;39;39;48;46;46;46;47;46;48;47;47;47;46;47;46;46;40;36;37;0
